# WaveFront *.obj file (generated by CINEMA 4D)

g Wheel
v 0 0 0
v 0.1 0 0
v 0.070711 -0.070711 0
v 0 -0.1 0
v -0.070711 -0.070711 0
v -0.1 0 0
v -0.070711 0.070711 0
v 0 0.1 0
v 0.070711 0.070711 0
v 0.5 0 0
v 0.482963 -0.12941 0
v 0.433013 -0.25 0
v 0.353553 -0.353553 0
v 0.25 -0.433013 0
v 0.12941 -0.482963 0
v 0 -0.5 0
v -0.12941 -0.482963 0
v -0.25 -0.433013 0
v -0.353553 -0.353553 0
v -0.433013 -0.25 0
v -0.482963 -0.12941 0
v -0.5 0 0
v -0.482963 0.12941 0
v -0.433013 0.25 0
v -0.353553 0.353553 0
v -0.25 0.433013 0
v -0.12941 0.482963 0
v 0 0.5 0
v 0.12941 0.482963 0
v 0.25 0.433013 0
v 0.353553 0.353553 0
v 0.433013 0.25 0
v 0.482963 0.12941 0
v 0.375 0 0
v 0.362222 -0.097057 0
v -0.097057 -0.362222 0
v -0.1875 -0.32476 0
v 0.32476 -0.1875 0
v -0.265165 -0.265165 0
v -0.265165 0.265165 0
v 0.265165 -0.265165 0
v -0.32476 -0.1875 0
v -0.1875 0.32476 0
v 0.1875 -0.32476 0
v -0.362222 -0.097057 0
v -0.097057 0.362222 0
v 0.097057 -0.362222 0
v -0.375 0 0
v 0 0.375 0
v 0 -0.375 0
v -0.362222 0.097057 0
v 0.097057 0.362222 0
v -0.32476 0.1875 0
v 0.1875 0.32476 0
v 0.265165 0.265165 0
v 0.32476 0.1875 0
v 0.362222 0.097057 0
v 0.125 0 0
v 0.116369 -0.032777 0
v 0.116369 0.032778 0
v 0.032778 -0.116369 0
v 0 -0.125 0
v -0.032777 -0.116369 0
v -0.116369 -0.032777 0
v -0.125 0 0
v -0.116369 0.032777 0
v -0.032777 0.116369 0
v 0 0.125 0
v 0.032778 0.116369 0

f 3 1 2 
f 4 1 3 
f 5 1 4 
f 6 1 5 
f 7 1 6 
f 8 1 7 
f 9 1 8 
f 2 1 9 
f 10 11 35 
f 35 11 12 
f 13 41 38 
f 13 14 44 
f 14 15 47 
f 15 16 50 
f 16 17 36 
f 36 17 18 
f 18 19 39 
f 19 20 42 
f 42 20 21 
f 22 48 45 
f 22 23 51 
f 51 23 24 
f 53 24 25 
f 25 26 43 
f 43 26 27 
f 46 27 28 
f 28 29 52 
f 29 30 54 
f 54 30 31 
f 32 56 55 
f 56 32 33 
f 33 10 34 
f 59 58 34 
f 58 60 57 
f 62 61 47 
f 63 62 50 
f 65 64 45 
f 66 65 48 
f 68 67 46 
f 69 68 49 
f 34 10 35 
f 38 35 12 
f 12 13 38 
f 41 13 44 
f 44 14 47 
f 47 15 50 
f 50 16 36 
f 37 36 18 
f 37 18 39 
f 39 19 42 
f 45 42 21 
f 21 22 45 
f 48 22 51 
f 53 51 24 
f 40 53 25 
f 40 25 43 
f 46 43 27 
f 49 46 28 
f 49 28 52 
f 52 29 54 
f 55 54 31 
f 31 32 55 
f 57 56 33 
f 57 33 34 
f 35 59 34 
f 34 58 57 
f 50 62 47 
f 36 63 50 
f 48 65 45 
f 51 66 48 
f 49 68 46 
f 52 69 49 

g HeadlightLED
v 0.35 0.55 0
v 0.4 0.6 0
v 0.5 1 0
v 0.4 1.4 0
v 0.35 1.45 0

f 72 71 70 
f 74 73 72 
f 74 72 70 

g Headlight
v -0.1 0.4 0
v -0.1 0.25 0
v -0.05 0.2 0
v -0.05 0 0
v 0 -0.05 0
v 0.05 0 0
v 0.05 0.2 0
v 0.1 0.25 0
v 0.1 0.4 0
v -0.25 0.4 0
v -0.25 0.5 0
v -0.5 0.6 0
v -0.4 1.4 0
v -0.25 1.5 0
v -0.05 1.5 0
v 0 1.55 0
v 0.3 1.6 0
v 0.35 1.5 0
v 0.35 0.5 0
v 0.25 0.5 0
v 0.25 0.4 0

f 82 76 75 
f 81 77 76 
f 80 78 77 
f 80 79 78 
f 94 85 84 
f 92 89 85 
f 87 86 85 
f 89 88 87 
f 91 90 89 
f 94 93 92 
f 83 82 75 
f 82 81 76 
f 81 80 77 
f 95 94 84 
f 94 92 85 
f 89 87 85 
f 92 91 89 

g Base
v -0.4 0.02 0
v -0.4 0 0
v 0.5 0 0
v 0.45 0.025 0
v 0.35 0.025 0
v 0.3 0.01 0
v 0.225 0.01 0
v 0.2 0.025 0
v 0.05 0.025 0
v 0.025 0.01 0
v -0.025 0.01 0
v -0.05 0.025 0
v -0.075 0.025 0
v -0.075 0.01 0
v -0.15 0.01 0
v -0.225 0.05 0
v -0.485 0.05 0
v -0.485 0.035 0
v -0.5 0.035 0
v -0.5 0.02 0

f 111 97 96 
f 112 111 96 
f 113 112 96 
f 115 113 96 
f 105 98 97 
f 106 105 97 
f 109 106 97 
f 110 109 97 
f 111 110 97 
f 100 99 98 
f 101 100 98 
f 102 101 98 
f 105 102 98 
f 105 103 102 
f 105 104 103 
f 109 107 106 
f 109 108 107 
f 115 114 113 

g jet
v 0.55 0.1 0
v 0.5 0.15 0
v 0.5 0.45 0
v 0.45 0.5 0
v 0.45 0.45 0
v 0.3 0.45 0
v 0.3 0.15 0
v 0.2 0.15 0
v 0.2 0.3 0
v 0 0.5 0
v -0.05 0.4 0
v -0.05 0.35 0
v -0.1 0.3 0
v -0.1 0.25 0
v -0.05 0.25 0
v -0.05 0.2 0
v -0.2 0.1 0
v -0.2 0 0
v -0.2 -0.1 0
v -0.05 -0.2 0
v -0.05 -0.25 0
v -0.1 -0.25 0
v -0.1 -0.3 0
v -0.05 -0.35 0
v -0.05 -0.4 0
v 0 -0.5 0
v 0.2 -0.3 0
v 0.2 -0.15 0
v 0.3 -0.15 0
v 0.3 -0.45 0
v 0.45 -0.45 0
v 0.45 -0.5 0
v 0.5 -0.45 0
v 0.5 -0.15 0
v 0.55 -0.1 0

f 149 117 116 
f 119 118 117 
f 121 120 117 
f 144 122 117 
f 143 123 122 
f 130 124 123 
f 135 131 123 
f 126 125 124 
f 128 127 124 
f 130 129 128 
f 133 132 131 
f 135 134 133 
f 142 136 135 
f 140 139 136 
f 138 137 136 
f 142 141 140 
f 146 145 144 
f 148 147 146 
f 150 149 116 
f 120 119 117 
f 122 121 117 
f 149 144 117 
f 144 143 122 
f 131 130 123 
f 143 135 123 
f 127 126 124 
f 130 128 124 
f 135 133 131 
f 143 142 135 
f 142 140 136 
f 139 138 136 
f 149 146 144 
f 149 148 146 

g Turbo
v 0 0 0
v 1 0 0
v 0.75 0.4 0
v 0.5 0.4 0
v 0.45 0.35 0
v 0.25 0.35 0
v 0.25 0.375 0
v 0.2 0.375 0
v 0.175 0.35 0
v 0.1 0.35 0
v 0.05 0.4 0
v 0 0.4 0
v 0 0.35 0
v -0.05 0.35 0
v -0.05 0.05 0
v 0 0.05 0
v 0.51 0.36 0
v 0.6 0.375 0
v 0.5 0.35 0
v 0.7 0.35 0
v 0.7 0.375 0
v 0.525 0.375 0

f 155 152 151 
f 159 156 151 
f 172 167 169 
f 168 154 153 
f 152 155 169 
f 171 153 152 
f 158 157 156 
f 162 161 160 
f 165 164 163 
f 172 154 168 
f 155 154 169 
f 166 163 159 
f 156 155 151 
f 166 159 151 
f 154 172 169 
f 171 168 153 
f 170 152 169 
f 170 171 152 
f 159 158 156 
f 163 162 160 
f 166 165 163 

g BaseLED
v -0.5 0 0
v -0.4 0 0
v -0.4 0.02 0
v -0.5 0.02 0

f 175 174 173 
f 176 175 173 

g Quad
v 0.5 1 0
v -0.5 1 0
v -0.5 0 0
v 0.5 0 0

f 179 178 177 
f 180 179 177 

g Bottom
v 0.45 0 0
v 0.5 0.02 0
v -0.5 0.02 0
v -0.45 0 0
v -0.3125 0 0
v -0.2875 0.01 0
v 0 0.01 0
v 0.025 0 0
v 0.075 0 0
v 0.075 0.01 0
v 0.125 0.01 0
v 0.15 0 0
v 0.35 0 0
v 0.375 0.01 0
v 0.425 0.01 0

f 195 182 181 
f 186 183 182 
f 190 187 182 
f 194 191 182 
f 185 184 183 
f 189 188 187 
f 193 192 191 
f 187 186 182 
f 191 190 182 
f 195 194 182 
f 186 185 183 
f 190 189 187 
f 194 193 191 

g Battery
v 0.075 1.9 0
v 0.15 1.85 0
v 0.325 1.85 0
v 0.375 1.8 0
v 0.375 1.6 0
v 0.425 1.55 0
v 0.425 1.325 0
v 0.475 1.275 0
v 0.475 0.8 0
v 0.425 0.75 0
v 0.425 0.3 0
v 0.475 0.25 0
v 0.475 0.05 0
v 0.5 0 0
v 0.45 -0.05 0
v 0.425 -0.05 0
v 0.4 -0.075 0
v 0.35 -0.075 0
v 0.35 -0.05 0
v 0.3 -0.05 0
v 0.25 -0.1 0
v 0 -0.14 0
v -0.25 -0.1 0
v -0.3 -0.05 0
v -0.35 -0.05 0
v -0.35 -0.075 0
v -0.4 -0.075 0
v -0.425 -0.05 0
v -0.45 -0.05 0
v -0.5 0 0
v -0.475 0.05 0
v -0.475 0.25 0
v -0.425 0.3 0
v -0.425 0.75 0
v -0.475 0.8 0
v -0.475 1.275 0
v -0.425 1.325 0
v -0.425 1.55 0
v -0.375 1.6 0
v -0.375 1.8 0
v -0.325 1.85 0
v -0.15 1.85 0
v -0.075 1.9 0
v -0.156818 1.525 0
v 0.25 1.385156 0
v -0.25 1.325 0
v 0.25 1.325 0
v 0.25 1.525 0
v -0.25 1.525 0

f 237 197 196 
f 199 198 197 
f 234 200 197 
f 240 202 201 
f 201 200 234 
f 234 239 243 
f 204 203 202 
f 202 240 242 
f 232 229 205 
f 241 205 242 
f 233 232 241 
f 234 241 244 
f 244 239 234 
f 228 206 205 
f 208 207 206 
f 216 215 206 
f 219 217 206 
f 210 209 208 
f 214 211 208 
f 213 212 211 
f 219 218 217 
f 220 219 226 
f 227 226 219 
f 222 221 220 
f 225 224 223 
f 231 230 229 
f 236 235 234 
f 238 237 196 
f 200 199 197 
f 237 234 197 
f 243 240 201 
f 243 201 234 
f 205 204 202 
f 205 202 242 
f 241 232 205 
f 234 233 241 
f 229 228 205 
f 215 208 206 
f 217 216 206 
f 228 219 206 
f 211 210 208 
f 215 214 208 
f 214 213 211 
f 223 220 226 
f 228 227 219 
f 223 222 220 
f 226 225 223 
f 232 231 229 
f 237 236 234 

g BatteryLED
v -0.25 1.525 0
v -0.25 1.325 0
v 0.25 1.325 0
v 0.25 1.525 0

f 247 246 245 
f 248 247 245 

g Motor
v -0.5 0 0
v -0.47475 0.1005 0
v -0.425 0.15 0
v -0.4 0.15 0
v -0.375 0.16 0
v -0.351 0.16 0
v -0.326 0.15 0
v -0.3 0.15 0
v -0.25 0.2 0
v -0.15 0.2 0
v -0.15 0.15 0
v -0.1 0.15 0
v -0.1 0.2 0
v -0.076 0.249 0
v 0 0.3 0
v 0.4 0.3 0
v 0.476 0.249 0
v 0.5 0.2 0
v 0.5 0.1 0
v 0.472 0.047 0
v 0.4 0 0

f 252 250 249 
f 256 255 249 
f 260 259 249 
f 252 251 250 
f 254 253 252 
f 258 257 256 
f 262 261 260 
f 264 263 260 
f 266 265 264 
f 268 267 264 
f 255 252 249 
f 259 256 249 
f 269 260 249 
f 255 254 252 
f 259 258 256 
f 263 262 260 
f 269 264 260 
f 267 266 264 
f 269 268 264 

