# WaveFront *.obj file (generated by CINEMA 4D)

g @
v 1.172647 0.339878 0
v 1.149289 0.205061 0
v 1.091401 0.090386 0
v 0.99763 0.011933 0
v 0.866622 -0.014218 0
v 0.820582 -0.007194 0
v 0.781313 0.013879 0
v 0.750508 0.047817 0
v 0.729858 0.093433 0
v 0.647258 0.012525 0
v 0.533514 -0.014218 0
v 0.458362 0.006178 0
v 0.402167 0.067366 0
v 0.370176 0.16173 0
v 0.367637 0.281652 0
v 0.398697 0.439658 0
v 0.460731 0.562965 0
v 0.546801 0.642434 0
v 0.649966 0.668923 0
v 0.764387 0.65132 0
v 0.858497 0.597156 0
v 0.855789 0.594448 0
v 0.859851 0.594448 0
v 0.825322 0.198375 0
v 0.825914 0.135494 0
v 0.839878 0.095802 0
v 0.863998 0.074729 0
v 0.895058 0.067705 0
v 0.970041 0.086916 0
v 1.028436 0.14455 0
v 1.067366 0.231804 0
v 1.083954 0.339878 0
v 1.064997 0.56999 0
v 0.986459 0.74306 0
v 0.848341 0.851473 0
v 0.650643 0.88761 0
v 0.462508 0.84851 0
v 0.315166 0.731212 0
v 0.217417 0.551117 0
v 0.178064 0.323629 0
v 0.19736 0.095718 0
v 0.279621 -0.078876 0
v 0.418077 -0.189827 0
v 0.605958 -0.226811 0
v 0.726811 -0.212255 0
v 0.830061 -0.174001 0
v 0.855789 -0.246445 0
v 0.740352 -0.290792 0
v 0.60325 -0.306703 0
v 0.375169 -0.264472 0
v 0.205484 -0.137779 0
v 0.103165 0.062035 0
v 0.077183 0.323629 0
v 0.125762 0.583277 0
v 0.245768 0.789438 0
v 0.425525 0.924001 0
v 0.653351 0.968856 0
v 0.880078 0.92654 0
v 1.047055 0.799594 0
v 1.147004 0.600034 0
v 0.487475 0.281652 0
v 0.502031 0.13541 0
v 0.529629 0.098856 0
v 0.549983 0.088695 0
v 0.574137 0.085308 0
v 0.653351 0.101896 0
v 0.719025 0.161137 0
v 0.718687 0.178402 0
v 0.720379 0.198375 0
v 0.7522 0.562627 0
v 0.715301 0.575491 0
v 0.675017 0.58023 0
v 0.600372 0.561696 0
v 0.545701 0.506093 0

f 32 2 1 
f 33 32 1 
f 60 33 1 
f 30 3 2 
f 31 30 2 
f 32 31 2 
f 29 4 3 
f 30 29 3 
f 28 5 4 
f 29 28 4 
f 27 6 5 
f 28 27 5 
f 27 7 6 
f 27 26 7 
f 26 8 7 
f 26 9 8 
f 26 25 9 
f 66 10 9 
f 67 66 9 
f 25 67 9 
f 65 11 10 
f 66 65 10 
f 65 64 11 
f 63 12 11 
f 64 63 11 
f 63 13 12 
f 63 62 13 
f 62 14 13 
f 62 61 14 
f 61 15 14 
f 61 16 15 
f 74 17 16 
f 61 74 16 
f 74 18 17 
f 73 19 18 
f 74 73 18 
f 71 20 19 
f 72 71 19 
f 73 72 19 
f 22 21 20 
f 70 22 20 
f 71 70 20 
f 70 23 22 
f 70 24 23 
f 67 25 24 
f 68 67 24 
f 69 68 24 
f 70 69 24 
f 60 34 33 
f 60 59 34 
f 59 35 34 
f 59 58 35 
f 57 36 35 
f 58 57 35 
f 57 37 36 
f 56 38 37 
f 57 56 37 
f 54 39 38 
f 55 54 38 
f 56 55 38 
f 54 40 39 
f 53 41 40 
f 54 53 40 
f 52 42 41 
f 53 52 41 
f 50 43 42 
f 51 50 42 
f 52 51 42 
f 49 44 43 
f 50 49 43 
f 48 45 44 
f 49 48 44 
f 47 46 45 
f 48 47 45 

g %
v 0.070413 0.796209 0
v 0.084292 0.875423 0
v 0.125931 0.941097 0
v 0.190758 0.985274 0
v 0.274204 1 0
v 0.357651 0.985359 0
v 0.422478 0.941435 0
v 0.464116 0.875846 0
v 0.477996 0.796209 0
v 0.477996 0.744076 0
v 0.464201 0.66503 0
v 0.422817 0.599865 0
v 0.358412 0.556195 0
v 0.275559 0.541638 0
v 0.19152 0.556195 0
v 0.126269 0.599865 0
v 0.084377 0.66503 0
v 0.070413 0.744076 0
v 0.169262 0.744076 0
v 0.176117 0.697783 0
v 0.196682 0.659106 0
v 0.230112 0.632955 0
v 0.275559 0.624238 0
v 0.319397 0.632871 0
v 0.352065 0.658768 0
v 0.372376 0.697359 0
v 0.379147 0.744076 0
v 0.379147 0.796209 0
v 0.372292 0.842671 0
v 0.351726 0.881855 0
v 0.318636 0.908514 0
v 0.274204 0.9174 0
v 0.22935 0.908514 0
v 0.196344 0.881855 0
v 0.176032 0.842671 0
v 0.169262 0.796209 0
v 0.547732 0.241706 0
v 0.561611 0.320836 0
v 0.60325 0.386256 0
v 0.668077 0.430179 0
v 0.751523 0.444821 0
v 0.834546 0.430179 0
v 0.899458 0.386256 0
v 0.941351 0.320836 0
v 0.955315 0.241706 0
v 0.955315 0.188896 0
v 0.941435 0.109343 0
v 0.899797 0.044008 0
v 0.835308 0.000339 0
v 0.752877 -0.014218 0
v 0.668839 0.000339 0
v 0.603588 0.044008 0
v 0.561696 0.109343 0
v 0.547732 0.188896 0
v 0.646581 0.188896 0
v 0.653436 0.142095 0
v 0.674001 0.10325 0
v 0.707431 0.077099 0
v 0.752877 0.068382 0
v 0.796716 0.077099 0
v 0.829384 0.10325 0
v 0.849695 0.142095 0
v 0.856466 0.188896 0
v 0.856466 0.241706 0
v 0.849526 0.288084 0
v 0.828707 0.327014 0
v 0.795531 0.353419 0
v 0.751523 0.362221 0
v 0.707092 0.353419 0
v 0.674001 0.327014 0
v 0.653436 0.288084 0
v 0.646581 0.241706 0
v 0.310088 0.074475 0
v 0.23629 0.119838 0
v 0.717671 0.890318 0
v 0.791469 0.844956 0

f 109 76 75 
f 110 109 75 
f 93 110 75 
f 92 93 75 
f 109 77 76 
f 108 78 77 
f 109 108 77 
f 107 79 78 
f 108 107 78 
f 105 80 79 
f 106 105 79 
f 107 106 79 
f 104 81 80 
f 105 104 80 
f 103 82 81 
f 104 103 81 
f 103 83 82 
f 102 84 83 
f 103 102 83 
f 100 85 84 
f 101 100 84 
f 102 101 84 
f 100 86 85 
f 99 87 86 
f 100 99 86 
f 98 88 87 
f 99 98 87 
f 98 97 88 
f 96 89 88 
f 97 96 88 
f 96 95 89 
f 95 90 89 
f 95 94 90 
f 94 91 90 
f 94 92 91 
f 94 93 92 
f 145 112 111 
f 146 145 111 
f 129 146 111 
f 128 129 111 
f 145 113 112 
f 144 114 113 
f 145 144 113 
f 143 115 114 
f 144 143 114 
f 141 116 115 
f 142 141 115 
f 143 142 115 
f 140 117 116 
f 141 140 116 
f 139 118 117 
f 140 139 117 
f 139 119 118 
f 138 120 119 
f 139 138 119 
f 136 121 120 
f 137 136 120 
f 138 137 120 
f 136 122 121 
f 135 123 122 
f 136 135 122 
f 134 124 123 
f 135 134 123 
f 134 133 124 
f 132 125 124 
f 133 132 124 
f 132 131 125 
f 131 126 125 
f 131 130 126 
f 130 127 126 
f 130 128 127 
f 130 129 128 
f 150 149 147 
f 149 148 147 

g '
v 0.219364 0.8348 0
v 0.150982 0.643873 0
v 0.085308 0.643873 0
v 0.085985 0.82329 0
v 0.085985 0.985782 0
v 0.219364 0.985782 0

f 154 152 151 
f 155 154 151 
f 156 155 151 
f 154 153 152 

g /
v 0.124577 -0.084631 0
v 0.010833 -0.084631 0
v 0.422478 0.985782 0
v 0.535545 0.985782 0

f 160 159 157 
f 159 158 157 

g +
v 0.458362 0.530129 0
v 0.728504 0.530129 0
v 0.728504 0.409614 0
v 0.458362 0.409614 0
v 0.458362 0.098849 0
v 0.324983 0.098849 0
v 0.324983 0.409614 0
v 0.05281 0.409614 0
v 0.05281 0.530129 0
v 0.324983 0.530129 0
v 0.324983 0.81652 0
v 0.458362 0.81652 0

f 164 162 161 
f 170 164 161 
f 171 170 161 
f 172 171 161 
f 164 163 162 
f 166 165 164 
f 167 166 164 
f 170 167 164 
f 169 168 167 
f 170 169 167 

g #
v 0.482058 0.27759 0
v 0.309411 0.27759 0
v 0.255247 0 0
v 0.153013 0 0
v 0.207177 0.27759 0
v 0.047393 0.27759 0
v 0.047393 0.372376 0
v 0.226134 0.372376 0
v 0.272173 0.607989 0
v 0.098849 0.607989 0
v 0.098849 0.70413 0
v 0.291131 0.70413 0
v 0.346649 0.985782 0
v 0.448883 0.985782 0
v 0.393365 0.70413 0
v 0.566012 0.70413 0
v 0.62153 0.985782 0
v 0.723764 0.985782 0
v 0.668246 0.70413 0
v 0.802979 0.70413 0
v 0.802979 0.607989 0
v 0.649966 0.607989 0
v 0.603927 0.372376 0
v 0.7522 0.372376 0
v 0.7522 0.27759 0
v 0.58497 0.27759 0
v 0.530806 0 0
v 0.427894 0 0
v 0.328368 0.372376 0
v 0.501016 0.372376 0
v 0.547055 0.607989 0
v 0.374408 0.607989 0

f 198 202 173 
f 199 198 173 
f 200 199 173 
f 201 174 173 
f 202 201 173 
f 177 175 174 
f 180 177 174 
f 201 180 174 
f 177 176 175 
f 179 178 177 
f 180 179 177 
f 201 181 180 
f 204 184 181 
f 201 204 181 
f 183 182 181 
f 184 183 181 
f 187 185 184 
f 204 187 184 
f 187 186 185 
f 203 188 187 
f 204 203 187 
f 191 189 188 
f 194 191 188 
f 203 194 188 
f 191 190 189 
f 193 192 191 
f 194 193 191 
f 203 195 194 
f 197 196 195 
f 198 197 195 
f 202 198 195 
f 203 202 195 

g -
v 0.512525 0.364252 0
v 0.113067 0.364252 0
v 0.113067 0.468517 0
v 0.512525 0.468517 0

f 207 206 205 
f 208 207 205 

g ,
v 0.21327 0.032498 0
v 0.111713 -0.174678 0
v 0.032498 -0.174678 0
v 0.079892 0.039269 0
v 0.079892 0.149628 0
v 0.21327 0.149628 0

f 212 210 209 
f 214 212 209 
f 212 211 210 
f 214 213 212 

g .
v 0.242383 0 0
v 0.109005 0 0
v 0.109005 0.136764 0
v 0.242383 0.136764 0

f 217 216 215 
f 218 217 215 

g 9
v 0.339201 0.090047 0
v 0.426117 0.106635 0
v 0.494584 0.156398 0
v 0.539015 0.236628 0
v 0.553825 0.344617 0
v 0.553825 0.428571 0
v 0.472918 0.355789 0
v 0.36696 0.331076 0
v 0.240098 0.352996 0
v 0.143873 0.418754 0
v 0.083192 0.523443 0
v 0.062965 0.662153 0
v 0.084462 0.797478 0
v 0.148951 0.905552 0
v 0.245091 0.976388 0
v 0.361544 1 0
v 0.494584 0.976811 0
v 0.59851 0.907244 0
v 0.665538 0.795362 0
v 0.687881 0.645227 0
v 0.687881 0.345972 0
v 0.663507 0.194736 0
v 0.590386 0.080907 0
v 0.478842 0.009563 0
v 0.339201 -0.014218 0
v 0.232566 -0.003385 0
v 0.13067 0.028436 0
v 0.150982 0.129993 0
v 0.238659 0.099188 0
v 0.36696 0.435342 0
v 0.431195 0.443297 0
v 0.484428 0.467163 0
v 0.525643 0.503385 0
v 0.553825 0.548409 0
v 0.553825 0.664861 0
v 0.541469 0.76261 0
v 0.504401 0.835139 0
v 0.44499 0.880078 0
v 0.365606 0.895058 0
v 0.299171 0.878893 0
v 0.244753 0.830399 0
v 0.208446 0.756009 0
v 0.196344 0.662153 0
v 0.207515 0.570328 0
v 0.241029 0.497969 0
v 0.294854 0.450999 0

f 243 220 219 
f 244 243 219 
f 247 244 219 
f 242 221 220 
f 243 242 220 
f 241 222 221 
f 242 241 221 
f 239 223 222 
f 240 239 222 
f 241 240 222 
f 239 224 223 
f 239 252 224 
f 250 225 224 
f 251 250 224 
f 252 251 224 
f 249 226 225 
f 250 249 225 
f 249 248 226 
f 264 227 226 
f 248 264 226 
f 264 263 227 
f 263 228 227 
f 263 229 228 
f 263 262 229 
f 262 230 229 
f 260 231 230 
f 261 260 230 
f 262 261 230 
f 260 232 231 
f 259 233 232 
f 260 259 232 
f 258 234 233 
f 259 258 233 
f 256 235 234 
f 257 256 234 
f 258 257 234 
f 255 236 235 
f 256 255 235 
f 254 237 236 
f 255 254 236 
f 253 238 237 
f 254 253 237 
f 252 239 238 
f 253 252 238 
f 247 245 244 
f 247 246 245 

g 8
v 0.683819 0.73392 0
v 0.672986 0.661391 0
v 0.640487 0.598172 0
v 0.590047 0.54697 0
v 0.525389 0.510494 0
v 0.601049 0.472749 0
v 0.660122 0.417739 0
v 0.698206 0.349188 0
v 0.7109 0.270819 0
v 0.688812 0.150135 0
v 0.622546 0.060257 0
v 0.522089 0.004401 0
v 0.397427 -0.014218 0
v 0.265826 0.004401 0
v 0.160799 0.060257 0
v 0.091994 0.150135 0
v 0.069059 0.270819 0
v 0.082007 0.349188 0
v 0.120853 0.417739 0
v 0.181703 0.472918 0
v 0.260664 0.511171 0
v 0.192789 0.547139 0
v 0.140826 0.598172 0
v 0.10782 0.661391 0
v 0.096818 0.73392 0
v 0.117552 0.848003 0
v 0.179756 0.931618 0
v 0.275305 0.982905 0
v 0.396073 1 0
v 0.510748 0.98282 0
v 0.602911 0.93128 0
v 0.663592 0.84758 0
v 0.578199 0.273527 0
v 0.565081 0.346987 0
v 0.525728 0.406229 0
v 0.467079 0.445328 0
v 0.396073 0.458362 0
v 0.319397 0.445328 0
v 0.257278 0.406229 0
v 0.216148 0.346987 0
v 0.202437 0.273527 0
v 0.216063 0.198544 0
v 0.25694 0.140149 0
v 0.319313 0.102573 0
v 0.397427 0.090047 0
v 0.468263 0.102657 0
v 0.526405 0.140487 0
v 0.565251 0.198967 0
v 0.55044 0.731889 0
v 0.539353 0.796716 0
v 0.506093 0.849018 0
v 0.456415 0.883548 0
v 0.396073 0.895058 0
v 0.330061 0.883971 0
v 0.276913 0.850711 0
v 0.241875 0.798832 0
v 0.230196 0.731889 0
v 0.242045 0.663846 0
v 0.27759 0.61002 0
v 0.331246 0.574983 0
v 0.397427 0.563304 0
v 0.4576 0.574983 0
v 0.50677 0.61002 0
v 0.539523 0.663846 0

f 313 266 265 
f 314 313 265 
f 296 314 265 
f 328 267 266 
f 313 328 266 
f 328 268 267 
f 327 269 268 
f 328 327 268 
f 299 270 269 
f 300 299 269 
f 326 300 269 
f 327 326 269 
f 298 271 270 
f 299 298 270 
f 298 272 271 
f 297 273 272 
f 298 297 272 
f 312 274 273 
f 297 312 273 
f 312 275 274 
f 311 276 275 
f 312 311 275 
f 310 277 276 
f 311 310 276 
f 310 309 277 
f 308 278 277 
f 309 308 277 
f 307 279 278 
f 308 307 278 
f 307 306 279 
f 306 280 279 
f 306 281 280 
f 305 282 281 
f 306 305 281 
f 304 283 282 
f 305 304 282 
f 304 284 283 
f 303 285 284 
f 304 303 284 
f 324 323 285 
f 302 324 285 
f 303 302 285 
f 323 286 285 
f 323 322 286 
f 322 287 286 
f 322 288 287 
f 322 321 288 
f 321 289 288 
f 320 290 289 
f 321 320 289 
f 320 291 290 
f 319 292 291 
f 320 319 291 
f 318 293 292 
f 319 318 292 
f 316 294 293 
f 317 316 293 
f 318 317 293 
f 315 295 294 
f 316 315 294 
f 314 296 295 
f 315 314 295 
f 301 325 324 
f 302 301 324 
f 301 326 325 
f 301 300 326 

g 7
v 0.719702 0.88084 0
v 0.467163 0.488829 0
v 0.40149 0.107651 0
v 0.40149 0 0
v 0.268111 0 0
v 0.268111 0.107651 0
v 0.350372 0.510156 0
v 0.588355 0.88084 0
v 0.065674 0.88084 0
v 0.065674 0.985782 0
v 0.719702 0.985782 0

f 336 330 329 
f 339 336 329 
f 335 331 330 
f 336 335 330 
f 334 332 331 
f 335 334 331 
f 334 333 332 
f 338 337 336 
f 339 338 336 

g 6
v 0.433988 1 0
v 0.549086 0.98849 0
v 0.643196 0.959377 0
v 0.61476 0.857143 0
v 0.533514 0.884563 0
v 0.433988 0.895058 0
v 0.349949 0.875254 0
v 0.283345 0.815843 0
v 0.239929 0.726134 0
v 0.225457 0.615437 0
v 0.225457 0.53893 0
v 0.32329 0.603927 0
v 0.444821 0.627624 0
v 0.558819 0.606297 0
v 0.646242 0.542315 0
v 0.701845 0.443636 0
v 0.720379 0.318213 0
v 0.699645 0.181872 0
v 0.637441 0.076168 0
v 0.54003 0.008378 0
v 0.413676 -0.014218 0
v 0.288084 0.011764 0
v 0.184834 0.089709 0
v 0.115775 0.212678 0
v 0.092756 0.373731 0
v 0.092756 0.600542 0
v 0.117383 0.758802 0
v 0.191266 0.886933 0
v 0.301202 0.971733 0
v 0.402167 0.528097 0
v 0.343687 0.521412 0
v 0.294177 0.501354 0
v 0.254485 0.469956 0
v 0.225457 0.429248 0
v 0.225457 0.360867 0
v 0.239083 0.248731 0
v 0.279959 0.16283 0
v 0.34064 0.108243 0
v 0.413676 0.090047 0
v 0.48739 0.105873 0
v 0.541977 0.153351 0
v 0.575745 0.226219 0
v 0.587001 0.318213 0
v 0.574898 0.404536 0
v 0.538592 0.471225 0
v 0.480281 0.513879 0

f 345 341 340 
f 346 345 340 
f 368 346 340 
f 344 342 341 
f 345 344 341 
f 344 343 342 
f 367 347 346 
f 368 367 346 
f 367 348 347 
f 366 349 348 
f 367 366 348 
f 365 350 349 
f 366 365 349 
f 371 351 350 
f 372 371 350 
f 373 372 350 
f 364 373 350 
f 365 364 350 
f 369 352 351 
f 370 369 351 
f 371 370 351 
f 385 353 352 
f 369 385 352 
f 384 354 353 
f 385 384 353 
f 383 355 354 
f 384 383 354 
f 383 356 355 
f 381 357 356 
f 382 381 356 
f 383 382 356 
f 380 358 357 
f 381 380 357 
f 380 359 358 
f 379 360 359 
f 380 379 359 
f 379 378 360 
f 377 361 360 
f 378 377 360 
f 376 362 361 
f 377 376 361 
f 376 375 362 
f 375 363 362 
f 375 374 363 
f 374 364 363 
f 374 373 364 

g 5
v 0.118483 0.43805 0
v 0.175355 0.985782 0
v 0.668923 0.985782 0
v 0.668923 0.867299 0
v 0.287745 0.867299 0
v 0.255924 0.583615 0
v 0.326337 0.622546 0
v 0.414353 0.638456 0
v 0.536307 0.617722 0
v 0.628639 0.55281 0
v 0.686781 0.449645 0
v 0.706161 0.31415 0
v 0.686273 0.180433 0
v 0.626608 0.075829 0
v 0.528859 0.008294 0
v 0.394719 -0.014218 0
v 0.279959 0.002877 0
v 0.186188 0.054164 0
v 0.124577 0.138626 0
v 0.106297 0.255247 0
v 0.107651 0.259309 0
v 0.228165 0.259309 0
v 0.23976 0.187796 0
v 0.274543 0.134394 0
v 0.327776 0.101134 0
v 0.394719 0.090047 0
v 0.469871 0.104942 0
v 0.526066 0.149628 0
v 0.561104 0.22021 0
v 0.572783 0.312796 0
v 0.561019 0.397935 0
v 0.525728 0.465132 0
v 0.469448 0.508802 0
v 0.394719 0.523358 0
v 0.327014 0.517434 0
v 0.280975 0.499661 0
v 0.250339 0.469533 0
v 0.228842 0.42654 0

f 391 387 386 
f 422 391 386 
f 423 422 386 
f 390 388 387 
f 391 390 387 
f 390 389 388 
f 420 392 391 
f 421 420 391 
f 422 421 391 
f 419 393 392 
f 420 419 392 
f 418 394 393 
f 419 418 393 
f 417 395 394 
f 418 417 394 
f 417 396 395 
f 416 397 396 
f 417 416 396 
f 414 398 397 
f 415 414 397 
f 416 415 397 
f 414 399 398 
f 413 400 399 
f 414 413 399 
f 412 401 400 
f 413 412 400 
f 412 411 401 
f 410 402 401 
f 411 410 401 
f 409 403 402 
f 410 409 402 
f 409 408 403 
f 408 404 403 
f 408 405 404 
f 407 406 405 
f 408 407 405 

g 4
v 0.604604 0.331754 0
v 0.740691 0.331754 0
v 0.740691 0.227488 0
v 0.604604 0.227488 0
v 0.604604 0 0
v 0.471903 0 0
v 0.471903 0.227488 0
v 0.048747 0.227488 0
v 0.048747 0.30264 0
v 0.463778 0.985782 0
v 0.604604 0.985782 0
v 0.191605 0.331754 0
v 0.471903 0.331754 0
v 0.471903 0.794177 0
v 0.46784 0.794854 0
v 0.454976 0.761002 0

f 426 425 424 
f 427 426 424 
f 436 427 424 
f 437 436 424 
f 434 437 424 
f 430 428 427 
f 436 430 427 
f 430 429 428 
f 435 431 430 
f 436 435 430 
f 435 432 431 
f 439 433 432 
f 435 439 432 
f 437 434 433 
f 438 437 433 
f 439 438 433 

g 3
v 0.392011 0.560596 0
v 0.468263 0.571682 0
v 0.51828 0.604942 0
v 0.545955 0.658175 0
v 0.555179 0.729181 0
v 0.545108 0.796462 0
v 0.514895 0.849357 0
v 0.464878 0.883632 0
v 0.395396 0.895058 0
v 0.324898 0.883125 0
v 0.267773 0.847326 0
v 0.229942 0.793585 0
v 0.217332 0.727827 0
v 0.090047 0.727827 0
v 0.088016 0.731889 0
v 0.107312 0.8348 0
v 0.17197 0.921462 0
v 0.271496 0.980366 0
v 0.395396 1 0
v 0.517942 0.982651 0
v 0.610697 0.930603 0
v 0.669093 0.844871 0
v 0.688558 0.726473 0
v 0.679502 0.66046 0
v 0.652336 0.600542 0
v 0.60892 0.549932 0
v 0.551117 0.511848 0
v 0.616706 0.474357 0
v 0.664523 0.421462 0
v 0.69372 0.354519 0
v 0.703453 0.274882 0
v 0.682041 0.154113 0
v 0.617806 0.062627 0
v 0.519381 0.004993 0
v 0.395396 -0.014218 0
v 0.276997 0.004316 0
v 0.173663 0.059919 0
v 0.102657 0.145988 0
v 0.081246 0.255924 0
v 0.0826 0.259986 0
v 0.209885 0.259986 0
v 0.222833 0.19389 0
v 0.261679 0.139133 0
v 0.321005 0.102319 0
v 0.395396 0.090047 0
v 0.468009 0.102657 0
v 0.523358 0.140487 0
v 0.558395 0.198629 0
v 0.570074 0.272173 0
v 0.559326 0.35325 0
v 0.527082 0.410968 0
v 0.471818 0.445498 0
v 0.392011 0.457007 0
v 0.282329 0.457007 0
v 0.282329 0.560596 0

f 492 441 440 
f 494 492 440 
f 466 442 441 
f 491 466 441 
f 492 491 441 
f 465 443 442 
f 466 465 442 
f 463 444 443 
f 464 463 443 
f 465 464 443 
f 463 462 444 
f 462 445 444 
f 461 460 445 
f 462 461 445 
f 460 446 445 
f 460 459 446 
f 459 447 446 
f 458 448 447 
f 459 458 447 
f 458 449 448 
f 457 450 449 
f 458 457 449 
f 456 451 450 
f 457 456 450 
f 455 452 451 
f 456 455 451 
f 454 453 452 
f 455 454 452 
f 490 467 466 
f 491 490 466 
f 489 468 467 
f 490 489 467 
f 489 469 468 
f 488 470 469 
f 489 488 469 
f 488 471 470 
f 487 472 471 
f 488 487 471 
f 486 473 472 
f 487 486 472 
f 485 474 473 
f 486 485 473 
f 485 484 474 
f 483 475 474 
f 484 483 474 
f 482 476 475 
f 483 482 475 
f 482 481 476 
f 481 477 476 
f 481 478 477 
f 480 479 478 
f 481 480 478 
f 494 493 492 

g 2
v 0.713609 0 0
v 0.101557 0 0
v 0.101557 0.091401 0
v 0.410968 0.460393 0
v 0.52302 0.619837 0
v 0.552471 0.739336 0
v 0.542485 0.80154 0
v 0.512525 0.851388 0
v 0.464963 0.88414 0
v 0.402167 0.895058 0
v 0.325237 0.881686 0
v 0.269127 0.841571 0
v 0.234851 0.781483 0
v 0.223426 0.708192 0
v 0.094787 0.708192 0
v 0.093433 0.712255 0
v 0.111882 0.823544 0
v 0.174001 0.916385 0
v 0.27302 0.979096 0
v 0.402167 1 0
v 0.520142 0.98172 0
v 0.61002 0.926879 0
v 0.666892 0.843094 0
v 0.68585 0.737982 0
v 0.642857 0.585647 0
v 0.511848 0.398781 0
v 0.263372 0.107651 0
v 0.264726 0.104265 0
v 0.713609 0.104265 0

f 522 496 495 
f 523 522 495 
f 522 497 496 
f 521 498 497 
f 522 521 497 
f 520 499 498 
f 521 520 498 
f 519 500 499 
f 520 519 499 
f 518 517 500 
f 519 518 500 
f 517 501 500 
f 517 516 501 
f 516 502 501 
f 516 515 502 
f 515 503 502 
f 514 504 503 
f 515 514 503 
f 514 505 504 
f 513 506 505 
f 514 513 505 
f 512 507 506 
f 513 512 506 
f 510 508 507 
f 511 510 507 
f 512 511 507 
f 510 509 508 

g 1
v 0.480704 0 0
v 0.346649 0 0
v 0.346649 0.862559 0
v 0.132024 0.860528 0
v 0.132024 0.963439 0
v 0.480704 1 0

f 526 525 524 
f 529 526 524 
f 528 527 526 
f 529 528 526 

g 0
v 0.70413 0.348003 0
v 0.682888 0.198206 0
v 0.61916 0.083277 0
v 0.51955 0.010156 0
v 0.390657 -0.014218 0
v 0.262102 0.010156 0
v 0.162153 0.083277 0
v 0.097918 0.198206 0
v 0.076506 0.348003 0
v 0.076506 0.637779 0
v 0.097749 0.78673 0
v 0.161476 0.901828 0
v 0.260917 0.975457 0
v 0.389303 1 0
v 0.518365 0.975457 0
v 0.618483 0.901828 0
v 0.682718 0.78673 0
v 0.70413 0.637779 0
v 0.570752 0.665538 0
v 0.558903 0.760663 0
v 0.523358 0.833446 0
v 0.466148 0.879655 0
v 0.389303 0.895058 0
v 0.313135 0.879655 0
v 0.256601 0.833446 0
v 0.221564 0.760663 0
v 0.209885 0.665538 0
v 0.209885 0.320921 0
v 0.221818 0.225626 0
v 0.257617 0.152336 0
v 0.314743 0.105619 0
v 0.390657 0.090047 0
v 0.467332 0.105535 0
v 0.524035 0.151997 0
v 0.559072 0.225203 0
v 0.570752 0.320921 0

f 565 531 530 
f 547 565 530 
f 564 532 531 
f 565 564 531 
f 563 533 532 
f 564 563 532 
f 562 534 533 
f 563 562 533 
f 562 561 534 
f 560 535 534 
f 561 560 534 
f 559 536 535 
f 560 559 535 
f 559 558 536 
f 558 537 536 
f 558 557 537 
f 557 538 537 
f 557 539 538 
f 556 540 539 
f 557 556 539 
f 555 541 540 
f 556 555 540 
f 554 542 541 
f 555 554 541 
f 553 543 542 
f 554 553 542 
f 551 544 543 
f 552 551 543 
f 553 552 543 
f 550 545 544 
f 551 550 544 
f 549 546 545 
f 550 549 545 
f 548 547 546 
f 549 548 546 
f 548 565 547 

g z
v 0.222749 0.104265 0
v 0.645904 0.104265 0
v 0.645904 0 0
v 0.063643 0 0
v 0.063643 0.093433 0
v 0.459716 0.626946 0
v 0.068382 0.626946 0
v 0.068382 0.732566 0
v 0.622884 0.732566 0
v 0.622884 0.641842 0

f 575 571 566 
f 568 567 566 
f 569 568 566 
f 570 569 566 
f 571 570 566 
f 575 574 571 
f 573 572 571 
f 574 573 571 

g y
v 0.320921 0.271496 0
v 0.344617 0.179418 0
v 0.34868 0.179418 0
v 0.528775 0.732566 0
v 0.677048 0.732566 0
v 0.368991 -0.11239 0
v 0.289438 -0.241029 0
v 0.228588 -0.28216 0
v 0.149628 -0.29587 0
v 0.108328 -0.292146 0
v 0.069736 -0.285037 0
v 0.083277 -0.180095 0
v 0.082765 -0.179971 0
v 0.08277 -0.179958 0
v 0.088812 -0.180186 0
v 0.107312 -0.181449 0
v 0.142857 -0.18348 0
v 0.181618 -0.174001 0
v 0.212593 -0.145565 0
v 0.257955 -0.061611 0
v 0.289777 0.014895 0
v 0.017603 0.732566 0
v 0.166554 0.732566 0

f 596 577 576 
f 597 596 576 
f 598 597 576 
f 596 578 577 
f 580 579 578 
f 581 580 578 
f 596 581 578 
f 594 582 581 
f 595 594 581 
f 596 595 581 
f 593 583 582 
f 594 593 582 
f 593 584 583 
f 592 585 584 
f 593 592 584 
f 591 586 585 
f 592 591 585 
f 590 587 586 
f 591 590 586 
f 589 588 587 
f 590 589 587 

g x
v 0.345295 0.462424 0
v 0.501016 0.732566 0
v 0.656737 0.732566 0
v 0.419093 0.370345 0
v 0.663507 0 0
v 0.510494 0 0
v 0.348003 0.276913 0
v 0.185511 0 0
v 0.031144 0 0
v 0.275559 0.370345 0
v 0.037915 0.732566 0
v 0.191605 0.732566 0

f 602 600 599 
f 608 602 599 
f 610 608 599 
f 602 601 600 
f 604 603 602 
f 605 604 602 
f 608 605 602 
f 608 606 605 
f 608 607 606 
f 610 609 608 

g w
v 0.28436 0.266757 0
v 0.301286 0.172647 0
v 0.305349 0.172647 0
v 0.322952 0.266757 0
v 0.469194 0.732566 0
v 0.576168 0.732566 0
v 0.723087 0.266757 0
v 0.742045 0.161814 0
v 0.746107 0.161814 0
v 0.767773 0.266757 0
v 0.8761 0.732566 0
v 1.015572 0.732566 0
v 0.802979 0 0
v 0.695328 0 0
v 0.55044 0.446175 0
v 0.522681 0.562627 0
v 0.518619 0.562627 0
v 0.492891 0.446175 0
v 0.350711 0 0
v 0.24306 0 0
v 0.030467 0.732566 0
v 0.169262 0.732566 0

f 630 612 611 
f 631 630 611 
f 632 631 611 
f 629 613 612 
f 630 629 612 
f 628 614 613 
f 629 628 613 
f 628 615 614 
f 626 616 615 
f 627 626 615 
f 628 627 615 
f 625 617 616 
f 626 625 616 
f 624 618 617 
f 625 624 617 
f 624 619 618 
f 623 620 619 
f 624 623 619 
f 622 621 620 
f 623 622 620 

g v
v 0.341232 0.215978 0
v 0.352742 0.164523 0
v 0.356804 0.164523 0
v 0.369668 0.215978 0
v 0.538253 0.732566 0
v 0.67434 0.732566 0
v 0.404875 0 0
v 0.303995 0 0
v 0.031144 0.732566 0
v 0.167908 0.732566 0

f 640 634 633 
f 641 640 633 
f 642 641 633 
f 639 635 634 
f 640 639 634 
f 639 636 635 
f 638 637 636 
f 639 638 636 

g u
v 0.56195 0.108328 0
v 0.473257 0.017603 0
v 0.348003 -0.014218 0
v 0.241368 0.004909 0
v 0.161137 0.062288 0
v 0.110867 0.160122 0
v 0.09411 0.300609 0
v 0.09411 0.732566 0
v 0.227488 0.732566 0
v 0.227488 0.299255 0
v 0.236121 0.200406 0
v 0.262018 0.138118 0
v 0.306195 0.105112 0
v 0.369668 0.09411 0
v 0.43458 0.101303 0
v 0.487136 0.122884 0
v 0.527844 0.157668 0
v 0.557211 0.204469 0
v 0.557211 0.732566 0
v 0.690589 0.732566 0
v 0.690589 0 0
v 0.570752 0 0

f 664 663 643 
f 658 644 643 
f 659 658 643 
f 660 659 643 
f 663 660 643 
f 656 645 644 
f 657 656 644 
f 658 657 644 
f 655 646 645 
f 656 655 645 
f 655 654 646 
f 654 647 646 
f 654 648 647 
f 654 653 648 
f 653 649 648 
f 651 650 649 
f 652 651 649 
f 653 652 649 
f 662 661 660 
f 663 662 660 

g t
v 0.282329 0.909276 0
v 0.282329 0.732566 0
v 0.421124 0.732566 0
v 0.421124 0.633717 0
v 0.282329 0.633717 0
v 0.282329 0.188896 0
v 0.287661 0.145058 0
v 0.303656 0.116452 0
v 0.328453 0.100711 0
v 0.36019 0.095464 0
v 0.385917 0.09851 0
v 0.409614 0.104942 0
v 0.427894 0.013541 0
v 0.383886 -0.006432 0
v 0.326337 -0.014218 0
v 0.253385 -0.001947 0
v 0.197021 0.034868 0
v 0.160968 0.097918 0
v 0.148951 0.188896 0
v 0.148951 0.633717 0
v 0.032498 0.633717 0
v 0.032498 0.732566 0
v 0.148951 0.732566 0
v 0.148951 0.909276 0

f 687 666 665 
f 688 687 665 
f 668 667 666 
f 669 668 666 
f 687 669 666 
f 684 670 669 
f 687 684 669 
f 683 671 670 
f 684 683 670 
f 681 672 671 
f 682 681 671 
f 683 682 671 
f 680 673 672 
f 681 680 672 
f 679 674 673 
f 680 679 673 
f 678 675 674 
f 679 678 674 
f 677 676 675 
f 678 677 675 
f 686 685 684 
f 687 686 684 

g s
v 0.522681 0.197021 0
v 0.514303 0.236967 0
v 0.489167 0.268788 0
v 0.362221 0.317536 0
v 0.163507 0.395396 0
v 0.111459 0.453961 0
v 0.09411 0.529452 0
v 0.113152 0.61239 0
v 0.170278 0.682464 0
v 0.257701 0.730196 0
v 0.367637 0.746107 0
v 0.480366 0.729181 0
v 0.569397 0.678402 0
v 0.626439 0.605112 0
v 0.643196 0.52065 0
v 0.641842 0.516588 0
v 0.514557 0.516588 0
v 0.504147 0.561781 0
v 0.472918 0.602573 0
v 0.425779 0.631517 0
v 0.367637 0.641165 0
v 0.30611 0.633209 0
v 0.262356 0.609343 0
v 0.236205 0.574475 0
v 0.227488 0.533514 0
v 0.23502 0.495091 0
v 0.257617 0.466486 0
v 0.381855 0.423155 0
v 0.586324 0.342586 0
v 0.638626 0.282498 0
v 0.65606 0.2065 0
v 0.636341 0.117976 0
v 0.577183 0.047393 0
v 0.486205 0.001185 0
v 0.371022 -0.014218 0
v 0.245768 0.003555 0
v 0.150305 0.056872 0
v 0.090894 0.133886 0
v 0.073798 0.222749 0
v 0.075152 0.226811 0
v 0.202437 0.226811 0
v 0.217332 0.165284 0
v 0.255247 0.122884 0
v 0.308903 0.098257 0
v 0.371022 0.090047 0
v 0.434411 0.09758 0
v 0.482397 0.120176 0
v 0.51261 0.154452 0

f 719 718 689 
f 720 719 689 
f 736 720 689 
f 718 690 689 
f 718 717 690 
f 717 691 690 
f 716 692 691 
f 717 716 691 
f 715 693 692 
f 716 715 692 
f 715 714 693 
f 714 694 693 
f 714 713 694 
f 713 695 694 
f 713 696 695 
f 712 697 696 
f 713 712 696 
f 711 698 697 
f 712 711 697 
f 710 699 698 
f 711 710 698 
f 708 700 699 
f 709 708 699 
f 710 709 699 
f 707 701 700 
f 708 707 700 
f 706 702 701 
f 707 706 701 
f 705 703 702 
f 706 705 702 
f 705 704 703 
f 736 721 720 
f 735 722 721 
f 736 735 721 
f 734 723 722 
f 735 734 722 
f 734 733 723 
f 732 724 723 
f 733 732 723 
f 732 731 724 
f 731 725 724 
f 731 730 725 
f 730 726 725 
f 730 729 726 
f 729 727 726 
f 729 728 727 

g r
v 0.443466 0.61476 0
v 0.375085 0.618822 0
v 0.326422 0.612559 0
v 0.286053 0.593771 0
v 0.253978 0.563643 0
v 0.230196 0.523358 0
v 0.230196 0 0
v 0.096818 0 0
v 0.096818 0.732566 0
v 0.215978 0.732566 0
v 0.228842 0.625592 0
v 0.305687 0.714286 0
v 0.354858 0.738152 0
v 0.410968 0.746107 0
v 0.439404 0.743737 0
v 0.461747 0.738659 0

f 750 738 737 
f 751 750 737 
f 752 751 737 
f 748 739 738 
f 749 748 738 
f 750 749 738 
f 747 740 739 
f 748 747 739 
f 747 741 740 
f 747 742 741 
f 744 743 742 
f 745 744 742 
f 747 745 742 
f 747 746 745 

g q
v 0.066351 0.352742 0
v 0.085223 0.512356 0
v 0.141842 0.637779 0
v 0.232481 0.719025 0
v 0.353419 0.746107 0
v 0.470548 0.720718 0
v 0.557211 0.647258 0
v 0.576168 0.732566 0
v 0.678402 0.732566 0
v 0.678402 -0.281652 0
v 0.545024 -0.281652 0
v 0.545024 0.069059 0
v 0.461747 0.00677 0
v 0.352065 -0.014218 0
v 0.232566 0.010071 0
v 0.14218 0.082938 0
v 0.085308 0.195413 0
v 0.066351 0.338524 0
v 0.199729 0.338524 0
v 0.211154 0.238067 0
v 0.24543 0.158768 0
v 0.303402 0.107227 0
v 0.385917 0.090047 0
v 0.436781 0.096141 0
v 0.479689 0.114421 0
v 0.545024 0.182803 0
v 0.545024 0.552471 0
v 0.479689 0.617468 0
v 0.437119 0.63524 0
v 0.387271 0.641165 0
v 0.304164 0.620938 0
v 0.245768 0.560257 0
v 0.199729 0.352742 0

f 785 754 753 
f 771 785 753 
f 770 771 753 
f 784 755 754 
f 785 784 754 
f 784 756 755 
f 783 757 756 
f 784 783 756 
f 782 758 757 
f 783 782 757 
f 780 759 758 
f 781 780 758 
f 782 781 758 
f 761 760 759 
f 779 761 759 
f 780 779 759 
f 778 762 761 
f 779 778 761 
f 764 763 762 
f 778 764 762 
f 777 765 764 
f 778 777 764 
f 775 766 765 
f 776 775 765 
f 777 776 765 
f 774 767 766 
f 775 774 766 
f 774 773 767 
f 773 768 767 
f 773 769 768 
f 773 772 769 
f 772 770 769 
f 772 771 770 

g p
v 0.721056 0.338524 0
v 0.702099 0.195413 0
v 0.645227 0.082938 0
v 0.55501 0.010071 0
v 0.436019 -0.014218 0
v 0.317197 0.008463 0
v 0.230196 0.076506 0
v 0.230196 -0.281652 0
v 0.096818 -0.281652 0
v 0.096818 0.732566 0
v 0.199052 0.732566 0
v 0.220041 0.637779 0
v 0.309411 0.718348 0
v 0.433988 0.746107 0
v 0.554926 0.71911 0
v 0.645565 0.638118 0
v 0.702183 0.512779 0
v 0.721056 0.352742 0
v 0.587678 0.352742 0
v 0.575406 0.466232 0
v 0.538592 0.557549 0
v 0.477911 0.617722 0
v 0.394042 0.637779 0
v 0.340724 0.631263 0
v 0.29587 0.611713 0
v 0.230196 0.540284 0
v 0.230196 0.186188 0
v 0.29587 0.115437 0
v 0.341063 0.096395 0
v 0.395396 0.090047 0
v 0.478673 0.107397 0
v 0.53893 0.159445 0
v 0.575491 0.238913 0
v 0.587678 0.338524 0

f 818 787 786 
f 819 818 786 
f 804 819 786 
f 803 804 786 
f 817 788 787 
f 818 817 787 
f 817 789 788 
f 816 790 789 
f 817 816 789 
f 815 791 790 
f 816 815 790 
f 815 814 791 
f 813 792 791 
f 814 813 791 
f 813 812 792 
f 794 793 792 
f 812 794 792 
f 812 795 794 
f 797 796 795 
f 811 797 795 
f 812 811 795 
f 810 798 797 
f 811 810 797 
f 808 799 798 
f 809 808 798 
f 810 809 798 
f 807 800 799 
f 808 807 799 
f 806 801 800 
f 807 806 800 
f 806 802 801 
f 805 803 802 
f 806 805 802 
f 805 804 803 

g o
v 0.065674 0.373053 0
v 0.087678 0.521242 0
v 0.15369 0.640826 0
v 0.257448 0.719787 0
v 0.392688 0.746107 0
v 0.529028 0.719871 0
v 0.633378 0.641165 0
v 0.699645 0.521666 0
v 0.721733 0.373053 0
v 0.721733 0.358158 0
v 0.699729 0.209208 0
v 0.633717 0.090047 0
v 0.52979 0.011848 0
v 0.394042 -0.014218 0
v 0.258209 0.011933 0
v 0.154028 0.090386 0
v 0.087762 0.209631 0
v 0.065674 0.358158 0
v 0.199052 0.358158 0
v 0.211324 0.251862 0
v 0.248138 0.165877 0
v 0.309157 0.109005 0
v 0.394042 0.090047 0
v 0.477996 0.109005 0
v 0.53893 0.165877 0
v 0.575999 0.251862 0
v 0.588355 0.358158 0
v 0.588355 0.373053 0
v 0.575914 0.478504 0
v 0.538592 0.564658 0
v 0.477234 0.622038 0
v 0.392688 0.641165 0
v 0.308819 0.622038 0
v 0.248138 0.564658 0
v 0.211324 0.478504 0
v 0.199052 0.373053 0

f 854 821 820 
f 855 854 820 
f 837 855 820 
f 853 822 821 
f 854 853 821 
f 852 823 822 
f 853 852 822 
f 852 824 823 
f 850 825 824 
f 851 850 824 
f 852 851 824 
f 850 826 825 
f 849 827 826 
f 850 849 826 
f 848 828 827 
f 849 848 827 
f 847 829 828 
f 848 847 828 
f 845 830 829 
f 846 845 829 
f 847 846 829 
f 844 831 830 
f 845 844 830 
f 843 832 831 
f 844 843 831 
f 843 833 832 
f 843 842 833 
f 841 834 833 
f 842 841 833 
f 841 835 834 
f 841 840 835 
f 840 836 835 
f 840 839 836 
f 839 837 836 
f 838 855 837 
f 839 838 837 

g n
v 0.215978 0.732566 0
v 0.225457 0.623561 0
v 0.317197 0.713947 0
v 0.442789 0.746107 0
v 0.547901 0.728758 0
v 0.626269 0.67671 0
v 0.675017 0.588439 0
v 0.691266 0.462424 0
v 0.691266 0 0
v 0.557888 0 0
v 0.557888 0.459716 0
v 0.548324 0.542485 0
v 0.519634 0.597156 0
v 0.47131 0.627624 0
v 0.402844 0.637779 0
v 0.29824 0.613067 0
v 0.259733 0.583362 0
v 0.230196 0.54367 0
v 0.230196 0 0
v 0.096818 0 0
v 0.096818 0.732566 0

f 876 857 856 
f 871 858 857 
f 872 871 857 
f 873 872 857 
f 876 873 857 
f 870 859 858 
f 871 870 858 
f 869 860 859 
f 870 869 859 
f 868 861 860 
f 869 868 860 
f 868 862 861 
f 867 863 862 
f 868 867 862 
f 866 864 863 
f 867 866 863 
f 866 865 864 
f 875 874 873 
f 876 875 873 

g m
v 0.215978 0.732566 0
v 0.225457 0.636425 0
v 0.31652 0.717332 0
v 0.444821 0.746107 0
v 0.512779 0.737644 0
v 0.570413 0.712255 0
v 0.616368 0.669939 0
v 0.649289 0.610697 0
v 0.741029 0.709885 0
v 0.802387 0.737051 0
v 0.873392 0.746107 0
v 0.973426 0.726896 0
v 1.050102 0.669262 0
v 1.098849 0.573037 0
v 1.115098 0.43805 0
v 1.115098 0 0
v 0.98172 0 0
v 0.98172 0.439404 0
v 0.97241 0.531906 0
v 0.944482 0.592756 0
v 0.898104 0.626523 0
v 0.833446 0.637779 0
v 0.771581 0.625931 0
v 0.722749 0.590386 0
v 0.68915 0.53673 0
v 0.672986 0.470548 0
v 0.672986 0.465132 0
v 0.672986 0 0
v 0.53893 0 0
v 0.53893 0.439404 0
v 0.529367 0.528521 0
v 0.500677 0.590047 0
v 0.454045 0.625846 0
v 0.390657 0.637779 0
v 0.335139 0.631517 0
v 0.290454 0.612728 0
v 0.255755 0.5826 0
v 0.230196 0.542315 0
v 0.230196 0 0
v 0.096818 0 0
v 0.096818 0.732566 0

f 917 878 877 
f 912 879 878 
f 913 912 878 
f 914 913 878 
f 917 914 878 
f 910 880 879 
f 911 910 879 
f 912 911 879 
f 909 881 880 
f 910 909 880 
f 909 882 881 
f 908 883 882 
f 909 908 882 
f 908 884 883 
f 900 885 884 
f 901 900 884 
f 907 901 884 
f 908 907 884 
f 899 886 885 
f 900 899 885 
f 898 887 886 
f 899 898 886 
f 897 888 887 
f 898 897 887 
f 896 889 888 
f 897 896 888 
f 896 890 889 
f 895 891 890 
f 896 895 890 
f 893 892 891 
f 894 893 891 
f 895 894 891 
f 907 902 901 
f 906 903 902 
f 907 906 902 
f 906 904 903 
f 906 905 904 
f 916 915 914 
f 917 916 914 

g l
v 0.241029 0 0
v 0.107651 0 0
v 0.107651 1.056195 0
v 0.241029 1.056195 0

f 920 919 918 
f 921 920 918 

g k
v 0.299255 0.337847 0
v 0.230873 0.337847 0
v 0.230873 0 0
v 0.097495 0 0
v 0.097495 1.056195 0
v 0.230873 1.056195 0
v 0.230873 0.444144 0
v 0.297901 0.444144 0
v 0.517942 0.732566 0
v 0.677725 0.732566 0
v 0.411645 0.394719 0
v 0.700745 0 0
v 0.542993 0 0

f 934 932 922 
f 929 923 922 
f 932 929 922 
f 929 928 923 
f 925 924 923 
f 928 925 923 
f 928 926 925 
f 928 927 926 
f 932 930 929 
f 932 931 930 
f 934 933 932 

g j
v 0.250508 0.732566 0
v 0.250508 -0.060257 0
v 0.235951 -0.160376 0
v 0.192282 -0.234597 0
v 0.122715 -0.280552 0
v 0.030467 -0.29587 0
v -0.007786 -0.292823 0
v -0.044685 -0.283683 0
v -0.035206 -0.178741 0
v -0.008125 -0.184496 0
v 0.020988 -0.186865 0
v 0.060511 -0.179418 0
v 0.091063 -0.157075 0
v 0.110613 -0.117976 0
v 0.117129 -0.060257 0
v 0.117129 0.732566 0
v 0.246445 0.922816 0
v 0.113067 0.922816 0
v 0.113067 1.056195 0
v 0.246445 1.056195 0

f 950 936 935 
f 948 937 936 
f 949 948 936 
f 950 949 936 
f 948 938 937 
f 947 939 938 
f 948 947 938 
f 946 940 939 
f 947 946 939 
f 945 941 940 
f 946 945 940 
f 944 942 941 
f 945 944 941 
f 944 943 942 
f 954 952 951 
f 954 953 952 

g i
v 0.241029 0 0
v 0.107651 0 0
v 0.107651 0.732566 0
v 0.241029 0.732566 0
v 0.241029 0.920108 0
v 0.107651 0.920108 0
v 0.107651 1.056195 0
v 0.241029 1.056195 0

f 957 956 955 
f 958 957 955 
f 961 960 959 
f 962 961 959 

g h
v 0.230196 0.634394 0
v 0.32329 0.716655 0
v 0.445498 0.746107 0
v 0.549678 0.728504 0
v 0.627962 0.675694 0
v 0.676963 0.586324 0
v 0.693297 0.459039 0
v 0.693297 0 0
v 0.559919 0 0
v 0.559919 0.460393 0
v 0.550186 0.539269 0
v 0.520988 0.594448 0
v 0.472495 0.626946 0
v 0.404875 0.637779 0
v 0.301286 0.614421 0
v 0.230196 0.549086 0
v 0.230196 0 0
v 0.096818 0 0
v 0.096818 1.056195 0
v 0.230196 1.056195 0

f 977 964 963 
f 978 977 963 
f 981 978 963 
f 982 981 963 
f 976 965 964 
f 977 976 964 
f 975 966 965 
f 976 975 965 
f 974 967 966 
f 975 974 966 
f 974 968 967 
f 973 969 968 
f 974 973 968 
f 971 970 969 
f 972 971 969 
f 973 972 969 
f 980 979 978 
f 981 980 978 

g g
v 0.073121 0.352742 0
v 0.091994 0.512356 0
v 0.148612 0.637779 0
v 0.239083 0.719025 0
v 0.359513 0.746107 0
v 0.482058 0.718009 0
v 0.570752 0.637102 0
v 0.587001 0.732566 0
v 0.693297 0.732566 0
v 0.693297 -0.004062 0
v 0.672817 -0.128554 0
v 0.611374 -0.220379 0
v 0.511341 -0.276997 0
v 0.375085 -0.29587 0
v 0.261002 -0.281313 0
v 0.153013 -0.241706 0
v 0.173324 -0.138118 0
v 0.266418 -0.170955 0
v 0.373731 -0.18348 0
v 0.457938 -0.172393 0
v 0.515572 -0.139133 0
v 0.548832 -0.083192 0
v 0.559919 -0.004062 0
v 0.559919 0.079215 0
v 0.473934 0.009479 0
v 0.358158 -0.014218 0
v 0.238744 0.010071 0
v 0.148612 0.082938 0
v 0.091994 0.195413 0
v 0.073121 0.338524 0
v 0.2065 0.338524 0
v 0.21784 0.238998 0
v 0.251862 0.161137 0
v 0.30958 0.110867 0
v 0.392011 0.09411 0
v 0.44736 0.100965 0
v 0.492891 0.12153 0
v 0.559919 0.199052 0
v 0.559919 0.536222 0
v 0.492891 0.610359 0
v 0.44736 0.630924 0
v 0.393365 0.637779 0
v 0.310342 0.617976 0
v 0.2522 0.558565 0
v 0.2065 0.352742 0

f 1027 984 983 
f 1013 1027 983 
f 1012 1013 983 
f 1026 985 984 
f 1027 1026 984 
f 1026 986 985 
f 1025 987 986 
f 1026 1025 986 
f 1024 988 987 
f 1025 1024 987 
f 1022 989 988 
f 1023 1022 988 
f 1024 1023 988 
f 991 990 989 
f 1021 991 989 
f 1022 1021 989 
f 1020 992 991 
f 1021 1020 991 
f 1004 993 992 
f 1005 1004 992 
f 1006 1005 992 
f 1020 1006 992 
f 1004 994 993 
f 1003 995 994 
f 1004 1003 994 
f 1002 996 995 
f 1003 1002 995 
f 1001 997 996 
f 1002 1001 996 
f 1001 1000 997 
f 1000 998 997 
f 1000 999 998 
f 1019 1007 1006 
f 1020 1019 1006 
f 1017 1008 1007 
f 1018 1017 1007 
f 1019 1018 1007 
f 1016 1009 1008 
f 1017 1016 1008 
f 1016 1015 1009 
f 1015 1010 1009 
f 1015 1011 1010 
f 1015 1014 1011 
f 1014 1012 1011 
f 1014 1013 1012 

g f
v 0.152336 0 0
v 0.152336 0.633717 0
v 0.037915 0.633717 0
v 0.037915 0.732566 0
v 0.152336 0.732566 0
v 0.152336 0.825322 0
v 0.167654 0.929164 0
v 0.213609 1.006432 0
v 0.286984 1.054418 0
v 0.384563 1.070413 0
v 0.430941 1.066689 0
v 0.482735 1.056195 0
v 0.466486 0.954638 0
v 0.437035 0.959377 0
v 0.400812 0.961408 0
v 0.350034 0.952691 0
v 0.31415 0.92654 0
v 0.292823 0.883802 0
v 0.285714 0.825322 0
v 0.285714 0.732566 0
v 0.418416 0.732566 0
v 0.418416 0.633717 0
v 0.285714 0.633717 0
v 0.285714 0 0

f 1051 1029 1028 
f 1050 1032 1029 
f 1051 1050 1029 
f 1031 1030 1029 
f 1032 1031 1029 
f 1047 1033 1032 
f 1050 1047 1032 
f 1045 1034 1033 
f 1046 1045 1033 
f 1047 1046 1033 
f 1044 1035 1034 
f 1045 1044 1034 
f 1044 1036 1035 
f 1043 1037 1036 
f 1044 1043 1036 
f 1042 1038 1037 
f 1043 1042 1037 
f 1041 1039 1038 
f 1042 1041 1038 
f 1041 1040 1039 
f 1049 1048 1047 
f 1050 1049 1047 

g e
v 0.400135 -0.014218 0
v 0.259733 0.011002 0
v 0.154028 0.086662 0
v 0.087762 0.203453 0
v 0.065674 0.352065 0
v 0.065674 0.381855 0
v 0.088439 0.525982 0
v 0.156737 0.642857 0
v 0.257871 0.720294 0
v 0.379147 0.746107 0
v 0.507701 0.723257 0
v 0.599526 0.654705 0
v 0.654621 0.54824 0
v 0.672986 0.411645 0
v 0.672986 0.341232 0
v 0.204469 0.341232 0
v 0.202437 0.337847 0
v 0.214624 0.237898 0
v 0.251185 0.158768 0
v 0.312796 0.107227 0
v 0.400135 0.090047 0
v 0.518957 0.109343 0
v 0.606635 0.162492 0
v 0.658768 0.075829 0
v 0.555179 0.011848 0
v 0.379147 0.641165 0
v 0.31542 0.627708 0
v 0.26371 0.587339 0
v 0.226896 0.525982 0
v 0.207854 0.44956 0
v 0.209208 0.446175 0
v 0.539607 0.446175 0
v 0.539607 0.457007 0
v 0.52979 0.529959 0
v 0.500339 0.589032 0
v 0.450406 0.628131 0

f 1073 1072 1052 
f 1076 1073 1052 
f 1071 1053 1052 
f 1072 1071 1052 
f 1070 1054 1053 
f 1071 1070 1053 
f 1070 1069 1054 
f 1069 1055 1054 
f 1069 1068 1055 
f 1068 1056 1055 
f 1068 1057 1056 
f 1081 1058 1057 
f 1082 1081 1057 
f 1067 1082 1057 
f 1068 1067 1057 
f 1080 1059 1058 
f 1081 1080 1058 
f 1079 1060 1059 
f 1080 1079 1059 
f 1078 1061 1060 
f 1079 1078 1060 
f 1087 1062 1061 
f 1077 1087 1061 
f 1078 1077 1061 
f 1086 1063 1062 
f 1087 1086 1062 
f 1085 1064 1063 
f 1086 1085 1063 
f 1084 1065 1064 
f 1085 1084 1064 
f 1083 1066 1065 
f 1084 1083 1065 
f 1083 1067 1066 
f 1083 1082 1067 
f 1075 1074 1073 
f 1076 1075 1073 

g d
v 0.066351 0.352742 0
v 0.085223 0.512356 0
v 0.141842 0.637779 0
v 0.232481 0.719025 0
v 0.353419 0.746107 0
v 0.467502 0.72241 0
v 0.552471 0.653351 0
v 0.552471 1.056195 0
v 0.68585 1.056195 0
v 0.68585 0 0
v 0.583615 0 0
v 0.563304 0.092756 0
v 0.474611 0.012864 0
v 0.352065 -0.014218 0
v 0.232566 0.010071 0
v 0.14218 0.082938 0
v 0.085308 0.195413 0
v 0.066351 0.338524 0
v 0.199729 0.338524 0
v 0.21107 0.238575 0
v 0.245091 0.160799 0
v 0.302979 0.110782 0
v 0.385917 0.09411 0
v 0.440758 0.10088 0
v 0.486121 0.121192 0
v 0.552471 0.197021 0
v 0.552471 0.53893 0
v 0.485782 0.611036 0
v 0.440674 0.631093 0
v 0.387271 0.637779 0
v 0.303741 0.617976 0
v 0.24543 0.558565 0
v 0.199729 0.352742 0

f 1120 1089 1088 
f 1106 1120 1088 
f 1105 1106 1088 
f 1119 1090 1089 
f 1120 1119 1089 
f 1119 1091 1090 
f 1118 1092 1091 
f 1119 1118 1091 
f 1117 1093 1092 
f 1118 1117 1092 
f 1115 1094 1093 
f 1116 1115 1093 
f 1117 1116 1093 
f 1096 1095 1094 
f 1114 1096 1094 
f 1115 1114 1094 
f 1114 1097 1096 
f 1099 1098 1097 
f 1113 1099 1097 
f 1114 1113 1097 
f 1112 1100 1099 
f 1113 1112 1099 
f 1110 1101 1100 
f 1111 1110 1100 
f 1112 1111 1100 
f 1109 1102 1101 
f 1110 1109 1101 
f 1109 1108 1102 
f 1108 1103 1102 
f 1108 1104 1103 
f 1108 1107 1104 
f 1107 1105 1104 
f 1107 1106 1105 

g c
v 0.387949 0.090047 0
v 0.445667 0.100288 0
v 0.495599 0.131009 0
v 0.530129 0.176625 0
v 0.541638 0.23155 0
v 0.662153 0.23155 0
v 0.664184 0.227488 0
v 0.645227 0.138033 0
v 0.582938 0.059242 0
v 0.492214 0.004147 0
v 0.387949 -0.014218 0
v 0.251185 0.012018 0
v 0.149628 0.090724 0
v 0.086662 0.208531 0
v 0.065674 0.352065 0
v 0.065674 0.380501 0
v 0.086747 0.523104 0
v 0.149966 0.640826 0
v 0.251608 0.719787 0
v 0.387949 0.746107 0
v 0.499408 0.72715 0
v 0.588693 0.670278 0
v 0.646666 0.585816 0
v 0.664184 0.484089 0
v 0.66283 0.480027 0
v 0.541638 0.480027 0
v 0.530721 0.542062 0
v 0.497969 0.59411 0
v 0.448629 0.629401 0
v 0.387949 0.641165 0
v 0.303064 0.622123 0
v 0.244753 0.564997 0
v 0.210985 0.480789 0
v 0.199729 0.380501 0
v 0.199729 0.352065 0
v 0.244076 0.165877 0
v 0.302217 0.109005 0

f 1131 1122 1121 
f 1157 1131 1121 
f 1130 1123 1122 
f 1131 1130 1122 
f 1129 1124 1123 
f 1130 1129 1123 
f 1128 1125 1124 
f 1129 1128 1124 
f 1127 1126 1125 
f 1128 1127 1125 
f 1157 1132 1131 
f 1157 1133 1132 
f 1157 1156 1133 
f 1156 1134 1133 
f 1156 1155 1134 
f 1155 1135 1134 
f 1154 1136 1135 
f 1155 1154 1135 
f 1153 1137 1136 
f 1154 1153 1136 
f 1152 1138 1137 
f 1153 1152 1137 
f 1151 1139 1138 
f 1152 1151 1138 
f 1151 1140 1139 
f 1149 1141 1140 
f 1150 1149 1140 
f 1151 1150 1140 
f 1148 1142 1141 
f 1149 1148 1141 
f 1147 1143 1142 
f 1148 1147 1142 
f 1147 1144 1143 
f 1146 1145 1144 
f 1147 1146 1144 

g b
v 0.72241 0.338524 0
v 0.703368 0.195413 0
v 0.646242 0.082938 0
v 0.555772 0.010071 0
v 0.436696 -0.014218 0
v 0.309749 0.014557 0
v 0.220718 0.099526 0
v 0.199052 0 0
v 0.096818 0 0
v 0.096818 1.056195 0
v 0.230196 1.056195 0
v 0.230196 0.645904 0
v 0.315843 0.720379 0
v 0.435342 0.746107 0
v 0.555856 0.719025 0
v 0.646581 0.637779 0
v 0.703453 0.512356 0
v 0.72241 0.352742 0
v 0.589032 0.352742 0
v 0.542654 0.558226 0
v 0.484174 0.617891 0
v 0.40149 0.637779 0
v 0.344702 0.630247 0
v 0.297563 0.607651 0
v 0.230196 0.526743 0
v 0.230196 0.209208 0
v 0.297563 0.124577 0
v 0.344702 0.101726 0
v 0.402844 0.09411 0
v 0.484936 0.110867 0
v 0.542993 0.161137 0
v 0.577522 0.238998 0
v 0.589032 0.338524 0

f 1189 1159 1158 
f 1190 1189 1158 
f 1176 1190 1158 
f 1175 1176 1158 
f 1188 1160 1159 
f 1189 1188 1159 
f 1188 1161 1160 
f 1187 1162 1161 
f 1188 1187 1161 
f 1186 1163 1162 
f 1187 1186 1162 
f 1186 1185 1163 
f 1184 1164 1163 
f 1185 1184 1163 
f 1184 1183 1164 
f 1166 1165 1164 
f 1183 1166 1164 
f 1182 1167 1166 
f 1183 1182 1166 
f 1169 1168 1167 
f 1182 1169 1167 
f 1181 1170 1169 
f 1182 1181 1169 
f 1179 1171 1170 
f 1180 1179 1170 
f 1181 1180 1170 
f 1178 1172 1171 
f 1179 1178 1171 
f 1177 1173 1172 
f 1178 1177 1172 
f 1177 1174 1173 
f 1176 1175 1174 
f 1177 1176 1174 

g a
v 0.547055 0 0
v 0.536561 0.058565 0
v 0.53216 0.109682 0
v 0.435003 0.021327 0
v 0.3728 -0.005332 0
v 0.306026 -0.014218 0
v 0.20523 0.000423 0
v 0.131686 0.044347 0
v 0.086747 0.113998 0
v 0.071767 0.205823 0
v 0.093009 0.29934 0
v 0.156737 0.370007 0
v 0.256855 0.414438 0
v 0.387271 0.429248 0
v 0.53216 0.429248 0
v 0.53216 0.501693 0
v 0.522343 0.559326 0
v 0.492891 0.603588 0
v 0.445498 0.63177 0
v 0.381855 0.641165 0
v 0.323121 0.63304 0
v 0.276913 0.608666 0
v 0.246953 0.572952 0
v 0.236967 0.530806 0
v 0.110359 0.529452 0
v 0.109005 0.533514 0
v 0.125339 0.61002 0
v 0.183819 0.679756 0
v 0.274966 0.729519 0
v 0.389303 0.746107 0
v 0.501693 0.730281 0
v 0.589709 0.682803 0
v 0.646581 0.605535 0
v 0.665538 0.500339 0
v 0.665538 0.147596 0
v 0.669601 0.071767 0
v 0.684496 0 0
v 0.32566 0.097495 0
v 0.39455 0.106804 0
v 0.45633 0.134733 0
v 0.504401 0.174678 0
v 0.53216 0.220041 0
v 0.53216 0.339201 0
v 0.382532 0.339201 0
v 0.310003 0.329045 0
v 0.253555 0.298578 0
v 0.217248 0.254401 0
v 0.205146 0.203114 0
v 0.212762 0.159445 0
v 0.235613 0.125931 0
v 0.273358 0.104604 0

f 1227 1226 1191 
f 1226 1192 1191 
f 1226 1193 1192 
f 1225 1232 1193 
f 1226 1225 1193 
f 1230 1194 1193 
f 1231 1230 1193 
f 1232 1231 1193 
f 1229 1195 1194 
f 1230 1229 1194 
f 1228 1196 1195 
f 1229 1228 1195 
f 1241 1197 1196 
f 1228 1241 1196 
f 1241 1240 1197 
f 1240 1198 1197 
f 1240 1239 1198 
f 1239 1199 1198 
f 1239 1238 1199 
f 1238 1200 1199 
f 1238 1201 1200 
f 1237 1202 1201 
f 1238 1237 1201 
f 1236 1203 1202 
f 1237 1236 1202 
f 1235 1204 1203 
f 1236 1235 1203 
f 1233 1205 1204 
f 1234 1233 1204 
f 1235 1234 1204 
f 1224 1206 1205 
f 1233 1224 1205 
f 1224 1223 1206 
f 1223 1207 1206 
f 1223 1222 1207 
f 1222 1208 1207 
f 1222 1221 1208 
f 1221 1209 1208 
f 1220 1210 1209 
f 1221 1220 1209 
f 1220 1211 1210 
f 1219 1212 1211 
f 1220 1219 1211 
f 1218 1213 1212 
f 1219 1218 1212 
f 1217 1214 1213 
f 1218 1217 1213 
f 1216 1215 1214 
f 1217 1216 1214 
f 1233 1225 1224 
f 1233 1232 1225 

g Z
v 0.215978 0.104265 0
v 0.767095 0.104265 0
v 0.767095 0 0
v 0.065674 0 0
v 0.065674 0.098849 0
v 0.592417 0.88084 0
v 0.073121 0.88084 0
v 0.073121 0.985782 0
v 0.744753 0.985782 0
v 0.744753 0.890318 0

f 1251 1247 1242 
f 1244 1243 1242 
f 1245 1244 1242 
f 1246 1245 1242 
f 1247 1246 1242 
f 1251 1250 1247 
f 1249 1248 1247 
f 1250 1249 1247 

g Y
v 0.436696 0.484766 0
v 0.693974 0.985782 0
v 0.84631 0.985782 0
v 0.500339 0.346649 0
v 0.500339 0 0
v 0.367637 0 0
v 0.367637 0.356804 0
v 0.027082 0.985782 0
v 0.179418 0.985782 0

f 1254 1253 1252 
f 1255 1254 1252 
f 1258 1255 1252 
f 1259 1258 1252 
f 1260 1259 1252 
f 1257 1256 1255 
f 1258 1257 1255 

g X
v 0.440081 0.601219 0
v 0.670278 0.985782 0
v 0.831415 0.985782 0
v 0.518619 0.496953 0
v 0.838186 0 0
v 0.679079 0 0
v 0.442789 0.391334 0
v 0.205823 0 0
v 0.044685 0 0
v 0.364252 0.496953 0
v 0.051456 0.985782 0
v 0.211239 0.985782 0

f 1264 1262 1261 
f 1270 1264 1261 
f 1272 1270 1261 
f 1264 1263 1262 
f 1266 1265 1264 
f 1267 1266 1264 
f 1270 1267 1264 
f 1270 1268 1267 
f 1270 1269 1268 
f 1272 1271 1270 

g W
v 0.312796 0.341909 0
v 0.329722 0.212593 0
v 0.333785 0.211916 0
v 0.356804 0.341909 0
v 0.531483 0.985782 0
v 0.662153 0.985782 0
v 0.838186 0.341909 0
v 0.861205 0.209885 0
v 0.865267 0.209885 0
v 0.883548 0.341909 0
v 1.024374 0.985782 0
v 1.169262 0.985782 0
v 0.930941 0 0
v 0.811781 0 0
v 0.61476 0.683819 0
v 0.599865 0.772512 0
v 0.595802 0.772512 0
v 0.581584 0.683819 0
v 0.381855 0 0
v 0.262695 0 0
v 0.025051 0.985782 0
v 0.169262 0.985782 0

f 1292 1274 1273 
f 1293 1292 1273 
f 1294 1293 1273 
f 1292 1275 1274 
f 1291 1276 1275 
f 1292 1291 1275 
f 1290 1277 1276 
f 1291 1290 1276 
f 1289 1278 1277 
f 1290 1289 1277 
f 1287 1279 1278 
f 1288 1287 1278 
f 1289 1288 1278 
f 1286 1280 1279 
f 1287 1286 1279 
f 1286 1281 1280 
f 1285 1282 1281 
f 1286 1285 1281 
f 1284 1283 1282 
f 1285 1284 1282 

g V
v 0.414353 0.258632 0
v 0.436696 0.17671 0
v 0.440758 0.17671 0
v 0.463101 0.258632 0
v 0.717671 0.985782 0
v 0.861882 0.985782 0
v 0.495599 0 0
v 0.381178 0 0
v 0.014895 0.985782 0
v 0.159783 0.985782 0

f 1302 1296 1295 
f 1303 1302 1295 
f 1304 1303 1295 
f 1301 1297 1296 
f 1302 1301 1296 
f 1301 1298 1297 
f 1300 1299 1298 
f 1301 1300 1298 

g U
v 0.842248 0.985782 0
v 0.842248 0.331076 0
v 0.815843 0.186357 0
v 0.736628 0.077183 0
v 0.615775 0.008632 0
v 0.464455 -0.014218 0
v 0.318551 0.008717 0
v 0.20176 0.077522 0
v 0.125085 0.186781 0
v 0.099526 0.331076 0
v 0.099526 0.985782 0
v 0.232905 0.985782 0
v 0.232905 0.331076 0
v 0.249069 0.230281 0
v 0.297563 0.154028 0
v 0.371615 0.106043 0
v 0.464455 0.090047 0
v 0.562712 0.106043 0
v 0.640826 0.154028 0
v 0.691858 0.230281 0
v 0.708869 0.331076 0
v 0.708869 0.985782 0

f 1325 1306 1305 
f 1326 1325 1305 
f 1325 1307 1306 
f 1324 1308 1307 
f 1325 1324 1307 
f 1323 1309 1308 
f 1324 1323 1308 
f 1322 1310 1309 
f 1323 1322 1309 
f 1322 1321 1310 
f 1320 1311 1310 
f 1321 1320 1310 
f 1319 1312 1311 
f 1320 1319 1311 
f 1319 1318 1312 
f 1318 1313 1312 
f 1318 1314 1313 
f 1316 1315 1314 
f 1317 1316 1314 
f 1318 1317 1314 

g T
v 0.804333 0.88084 0
v 0.47935 0.88084 0
v 0.47935 0 0
v 0.345972 0 0
v 0.345972 0.88084 0
v 0.025051 0.88084 0
v 0.025051 0.985782 0
v 0.804333 0.985782 0

f 1334 1328 1327 
f 1331 1329 1328 
f 1333 1331 1328 
f 1334 1333 1328 
f 1331 1330 1329 
f 1333 1332 1331 

g S
v 0.640487 0.248477 0
v 0.62847 0.310088 0
v 0.592417 0.360867 0
v 0.423155 0.43805 0
v 0.188558 0.547732 0
v 0.125339 0.629485 0
v 0.104265 0.729858 0
v 0.126947 0.835985 0
v 0.19499 0.922816 0
v 0.299255 0.980704 0
v 0.430603 1 0
v 0.570498 0.977911 0
v 0.678741 0.911645 0
v 0.747376 0.815928 0
v 0.76845 0.705484 0
v 0.766418 0.701422 0
v 0.639133 0.701422 0
v 0.624492 0.778097 0
v 0.580569 0.840217 0
v 0.513795 0.881347 0
v 0.430603 0.895058 0
v 0.348087 0.883717 0
v 0.287407 0.849695 0
v 0.250085 0.797563 0
v 0.237644 0.731889 0
v 0.251269 0.672901 0
v 0.292146 0.624577 0
v 0.469194 0.549086 0
v 0.696005 0.435342 0
v 0.754401 0.351388 0
v 0.773866 0.249831 0
v 0.750423 0.142349 0
v 0.680095 0.058226 0
v 0.572021 0.003893 0
v 0.435342 -0.014218 0
v 0.300863 0.005755 0
v 0.183142 0.065674 0
v 0.10198 0.159106 0
v 0.077183 0.279621 0
v 0.078538 0.283683 0
v 0.205823 0.283683 0
v 0.223426 0.201506 0
v 0.276236 0.140487 0
v 0.351219 0.102657 0
v 0.435342 0.090047 0
v 0.520227 0.100711 0
v 0.585308 0.132701 0
v 0.626693 0.182972 0

f 1365 1364 1335 
f 1366 1365 1335 
f 1382 1366 1335 
f 1364 1336 1335 
f 1364 1363 1336 
f 1363 1337 1336 
f 1362 1338 1337 
f 1363 1362 1337 
f 1361 1339 1338 
f 1362 1361 1338 
f 1361 1360 1339 
f 1360 1340 1339 
f 1360 1359 1340 
f 1359 1341 1340 
f 1359 1342 1341 
f 1358 1343 1342 
f 1359 1358 1342 
f 1357 1344 1343 
f 1358 1357 1343 
f 1356 1345 1344 
f 1357 1356 1344 
f 1354 1346 1345 
f 1355 1354 1345 
f 1356 1355 1345 
f 1353 1347 1346 
f 1354 1353 1346 
f 1352 1348 1347 
f 1353 1352 1347 
f 1351 1349 1348 
f 1352 1351 1348 
f 1351 1350 1349 
f 1382 1367 1366 
f 1381 1368 1367 
f 1382 1381 1367 
f 1380 1369 1368 
f 1381 1380 1368 
f 1380 1379 1369 
f 1378 1370 1369 
f 1379 1378 1369 
f 1377 1371 1370 
f 1378 1377 1370 
f 1377 1376 1371 
f 1376 1372 1371 
f 1376 1375 1372 
f 1375 1373 1372 
f 1375 1374 1373 

g R
v 0.248477 0.427217 0
v 0.248477 0 0
v 0.115098 0 0
v 0.115098 0.985105 0
v 0.452268 0.985105 0
v 0.594956 0.967163 0
v 0.699391 0.913338 0
v 0.763372 0.825322 0
v 0.784699 0.704807 0
v 0.774797 0.633886 0
v 0.745091 0.572783 0
v 0.696429 0.522343 0
v 0.629655 0.483412 0
v 0.699475 0.448798 0
v 0.746445 0.397766 0
v 0.773104 0.3315 0
v 0.781991 0.251185 0
v 0.781991 0.158429 0
v 0.792146 0.075829 0
v 0.806026 0.042654 0
v 0.827353 0.016249 0
v 0.827353 0 0
v 0.689912 0 0
v 0.668246 0.028436 0
v 0.65606 0.067705 0
v 0.648612 0.159783 0
v 0.648612 0.249831 0
v 0.636933 0.321936 0
v 0.601896 0.37847 0
v 0.547224 0.41503 0
v 0.476642 0.427217 0
v 0.248477 0.53216 0
v 0.438727 0.53216 0
v 0.535968 0.542908 0
v 0.601557 0.575152 0
v 0.638879 0.629401 0
v 0.65132 0.706161 0
v 0.639218 0.780044 0
v 0.602911 0.835139 0
v 0.541046 0.869414 0
v 0.452268 0.88084 0
v 0.248477 0.88084 0

f 1415 1414 1383 
f 1413 1415 1383 
f 1385 1384 1383 
f 1414 1385 1383 
f 1414 1386 1385 
f 1424 1387 1386 
f 1414 1424 1386 
f 1422 1388 1387 
f 1423 1422 1387 
f 1424 1423 1387 
f 1421 1389 1388 
f 1422 1421 1388 
f 1420 1390 1389 
f 1421 1420 1389 
f 1420 1391 1390 
f 1419 1392 1391 
f 1420 1419 1391 
f 1418 1393 1392 
f 1419 1418 1392 
f 1418 1394 1393 
f 1417 1395 1394 
f 1418 1417 1394 
f 1411 1396 1395 
f 1412 1411 1395 
f 1416 1412 1395 
f 1417 1416 1395 
f 1410 1397 1396 
f 1411 1410 1396 
f 1410 1398 1397 
f 1409 1399 1398 
f 1410 1409 1398 
f 1408 1400 1399 
f 1409 1408 1399 
f 1407 1401 1400 
f 1408 1407 1400 
f 1405 1402 1401 
f 1406 1405 1401 
f 1407 1406 1401 
f 1404 1403 1402 
f 1405 1404 1402 
f 1416 1413 1412 
f 1416 1415 1413 

g Q
v 0.867976 0.404875 0
v 0.845295 0.257617 0
v 0.780636 0.133378 0
v 0.927556 -0.009479 0
v 0.836154 -0.096818 0
v 0.68585 0.047393 0
v 0.582938 0.001354 0
v 0.465132 -0.014218 0
v 0.308649 0.015572 0
v 0.184496 0.104942 0
v 0.103504 0.239506 0
v 0.076506 0.404875 0
v 0.076506 0.58023 0
v 0.103504 0.745261 0
v 0.184496 0.880162 0
v 0.308649 0.970041 0
v 0.465132 1 0
v 0.6272 0.970125 0
v 0.755924 0.880501 0
v 0.839963 0.745684 0
v 0.867976 0.58023 0
v 0.734597 0.581584 0
v 0.716317 0.704807 0
v 0.661476 0.803656 0
v 0.575829 0.868653 0
v 0.465132 0.890318 0
v 0.360443 0.868653 0
v 0.279282 0.803656 0
v 0.227234 0.704807 0
v 0.209885 0.581584 0
v 0.209885 0.404875 0
v 0.227234 0.280636 0
v 0.279282 0.181449 0
v 0.360443 0.116452 0
v 0.465132 0.094787 0
v 0.576253 0.116368 0
v 0.661814 0.18111 0
v 0.716401 0.280213 0
v 0.734597 0.404875 0

f 1463 1426 1425 
f 1445 1463 1425 
f 1462 1427 1426 
f 1463 1462 1426 
f 1429 1428 1427 
f 1430 1429 1427 
f 1461 1430 1427 
f 1462 1461 1427 
f 1460 1431 1430 
f 1461 1460 1430 
f 1459 1432 1431 
f 1460 1459 1431 
f 1458 1433 1432 
f 1459 1458 1432 
f 1457 1434 1433 
f 1458 1457 1433 
f 1457 1456 1434 
f 1456 1435 1434 
f 1456 1436 1435 
f 1455 1437 1436 
f 1456 1455 1436 
f 1453 1438 1437 
f 1454 1453 1437 
f 1455 1454 1437 
f 1453 1439 1438 
f 1452 1440 1439 
f 1453 1452 1439 
f 1451 1441 1440 
f 1452 1451 1440 
f 1449 1442 1441 
f 1450 1449 1441 
f 1451 1450 1441 
f 1448 1443 1442 
f 1449 1448 1442 
f 1447 1444 1443 
f 1448 1447 1443 
f 1446 1445 1444 
f 1447 1446 1444 
f 1446 1463 1445 

g P
v 0.248477 0.395396 0
v 0.248477 0 0
v 0.115098 0 0
v 0.115098 0.985782 0
v 0.492214 0.985782 0
v 0.632448 0.965471 0
v 0.737644 0.904536 0
v 0.803402 0.810427 0
v 0.825322 0.690589 0
v 0.803402 0.569905 0
v 0.737644 0.475965 0
v 0.632448 0.415538 0
v 0.492214 0.395396 0
v 0.248477 0.499661 0
v 0.492214 0.499661 0
v 0.579722 0.513118 0
v 0.641842 0.553487 0
v 0.67891 0.614336 0
v 0.691266 0.689235 0
v 0.678825 0.764387 0
v 0.641503 0.825999 0
v 0.579299 0.867129 0
v 0.492214 0.88084 0
v 0.248477 0.88084 0

f 1476 1477 1464 
f 1466 1465 1464 
f 1477 1466 1464 
f 1477 1467 1466 
f 1487 1468 1467 
f 1477 1487 1467 
f 1485 1469 1468 
f 1486 1485 1468 
f 1487 1486 1468 
f 1484 1470 1469 
f 1485 1484 1469 
f 1483 1471 1470 
f 1484 1483 1470 
f 1483 1472 1471 
f 1482 1473 1472 
f 1483 1482 1472 
f 1481 1474 1473 
f 1482 1481 1473 
f 1480 1475 1474 
f 1481 1480 1474 
f 1479 1476 1475 
f 1480 1479 1475 
f 1479 1478 1476 
f 1478 1477 1476 

g O
v 0.867976 0.404875 0
v 0.839963 0.239506 0
v 0.755924 0.104942 0
v 0.6272 0.015572 0
v 0.465132 -0.014218 0
v 0.308649 0.015572 0
v 0.184496 0.104942 0
v 0.103504 0.239506 0
v 0.076506 0.404875 0
v 0.076506 0.58023 0
v 0.103504 0.745261 0
v 0.184496 0.880162 0
v 0.308649 0.970041 0
v 0.465132 1 0
v 0.6272 0.970125 0
v 0.755924 0.880501 0
v 0.839963 0.745684 0
v 0.867976 0.58023 0
v 0.734597 0.581584 0
v 0.716317 0.704807 0
v 0.661476 0.803656 0
v 0.575829 0.868653 0
v 0.465132 0.890318 0
v 0.360443 0.868653 0
v 0.279282 0.803656 0
v 0.227234 0.704807 0
v 0.209885 0.581584 0
v 0.209885 0.404875 0
v 0.227234 0.280636 0
v 0.279282 0.181449 0
v 0.360443 0.116452 0
v 0.465132 0.094787 0
v 0.576253 0.116368 0
v 0.661814 0.18111 0
v 0.716401 0.280213 0
v 0.734597 0.404875 0

f 1522 1489 1488 
f 1523 1522 1488 
f 1505 1523 1488 
f 1522 1490 1489 
f 1521 1491 1490 
f 1522 1521 1490 
f 1520 1492 1491 
f 1521 1520 1491 
f 1520 1519 1492 
f 1518 1493 1492 
f 1519 1518 1492 
f 1517 1494 1493 
f 1518 1517 1493 
f 1517 1516 1494 
f 1516 1495 1494 
f 1516 1496 1495 
f 1515 1497 1496 
f 1516 1515 1496 
f 1513 1498 1497 
f 1514 1513 1497 
f 1515 1514 1497 
f 1513 1499 1498 
f 1512 1500 1499 
f 1513 1512 1499 
f 1511 1501 1500 
f 1512 1511 1500 
f 1509 1502 1501 
f 1510 1509 1501 
f 1511 1510 1501 
f 1508 1503 1502 
f 1509 1508 1502 
f 1507 1504 1503 
f 1508 1507 1503 
f 1506 1505 1504 
f 1507 1506 1504 
f 1506 1523 1505 

g N
v 0.860528 0 0
v 0.72715 0 0
v 0.252539 0.752877 0
v 0.248477 0.751523 0
v 0.248477 0 0
v 0.115098 0 0
v 0.115098 0.985782 0
v 0.248477 0.985782 0
v 0.723087 0.233582 0
v 0.72715 0.234936 0
v 0.72715 0.985782 0
v 0.860528 0.985782 0

f 1533 1525 1524 
f 1535 1533 1524 
f 1532 1526 1525 
f 1533 1532 1525 
f 1531 1527 1526 
f 1532 1531 1526 
f 1529 1528 1527 
f 1530 1529 1527 
f 1531 1530 1527 
f 1535 1534 1533 

g M
v 0.603927 0.184834 0
v 0.607989 0.184834 0
v 0.922817 0.985782 0
v 1.088693 0.985782 0
v 1.088693 0 0
v 0.955315 0 0
v 0.955315 0.738659 0
v 0.951253 0.739336 0
v 0.652674 0 0
v 0.559919 0 0
v 0.252539 0.76371 0
v 0.248477 0.763033 0
v 0.248477 0 0
v 0.115098 0 0
v 0.115098 0.985782 0
v 0.290454 0.985782 0

f 1545 1537 1536 
f 1546 1545 1536 
f 1551 1546 1536 
f 1543 1538 1537 
f 1544 1543 1537 
f 1545 1544 1537 
f 1542 1539 1538 
f 1543 1542 1538 
f 1542 1540 1539 
f 1542 1541 1540 
f 1551 1547 1546 
f 1549 1548 1547 
f 1550 1549 1547 
f 1551 1550 1547 

g L
v 0.248477 0.104265 0
v 0.729181 0.104265 0
v 0.729181 0 0
v 0.115098 0 0
v 0.115098 0.985782 0
v 0.248477 0.985782 0

f 1554 1553 1552 
f 1555 1554 1552 
f 1556 1555 1552 
f 1557 1556 1552 

g K
v 0.335139 0.445498 0
v 0.248477 0.445498 0
v 0.248477 0 0
v 0.115098 0 0
v 0.115098 0.985782 0
v 0.248477 0.985782 0
v 0.248477 0.549763 0
v 0.321598 0.549763 0
v 0.687204 0.985782 0
v 0.837508 0.985782 0
v 0.838863 0.982397 0
v 0.439404 0.515911 0
v 0.867299 0.003385 0
v 0.865944 0 0
v 0.70413 0 0

f 1572 1569 1558 
f 1565 1559 1558 
f 1569 1565 1558 
f 1565 1564 1559 
f 1561 1560 1559 
f 1562 1561 1559 
f 1564 1562 1559 
f 1564 1563 1562 
f 1569 1566 1565 
f 1568 1567 1566 
f 1569 1568 1566 
f 1572 1570 1569 
f 1572 1571 1570 

g J
v 0.513879 0.985782 0
v 0.647258 0.985782 0
v 0.647258 0.285714 0
v 0.626354 0.162322 0
v 0.563643 0.067028 0
v 0.467586 0.006093 0
v 0.346649 -0.014218 0
v 0.224526 0.003808 0
v 0.130332 0.057888 0
v 0.071005 0.146327 0
v 0.053487 0.267434 0
v 0.054841 0.271496 0
v 0.182803 0.271496 0
v 0.193466 0.191266 0
v 0.225457 0.134733 0
v 0.277082 0.101219 0
v 0.346649 0.090047 0
v 0.413676 0.103419 0
v 0.467163 0.143534 0
v 0.5022 0.205823 0
v 0.513879 0.285714 0

f 1575 1574 1573 
f 1593 1575 1573 
f 1592 1576 1575 
f 1593 1592 1575 
f 1592 1577 1576 
f 1591 1578 1577 
f 1592 1591 1577 
f 1590 1579 1578 
f 1591 1590 1578 
f 1590 1589 1579 
f 1588 1580 1579 
f 1589 1588 1579 
f 1588 1587 1580 
f 1587 1581 1580 
f 1587 1586 1581 
f 1586 1582 1581 
f 1586 1583 1582 
f 1585 1584 1583 
f 1586 1585 1583 

g I
v 0.262695 0 0
v 0.128639 0 0
v 0.128639 0.985782 0
v 0.262695 0.985782 0

f 1596 1595 1594 
f 1597 1596 1594 

g H
v 0.860528 0 0
v 0.72715 0 0
v 0.72715 0.435342 0
v 0.248477 0.435342 0
v 0.248477 0 0
v 0.115098 0 0
v 0.115098 0.985782 0
v 0.248477 0.985782 0
v 0.248477 0.540284 0
v 0.72715 0.540284 0
v 0.72715 0.985782 0
v 0.860528 0.985782 0

f 1600 1599 1598 
f 1607 1600 1598 
f 1609 1607 1598 
f 1606 1601 1600 
f 1607 1606 1600 
f 1603 1602 1601 
f 1606 1603 1601 
f 1606 1604 1603 
f 1606 1605 1604 
f 1609 1608 1607 

g G
v 0.823968 0.132701 0
v 0.70176 0.031821 0
v 0.475965 -0.014218 0
v 0.320074 0.014049 0
v 0.193636 0.098849 0
v 0.109851 0.228504 0
v 0.081923 0.391334 0
v 0.081923 0.594448 0
v 0.108835 0.757278 0
v 0.189573 0.886933 0
v 0.312796 0.971733 0
v 0.467163 1 0
v 0.614421 0.978081 0
v 0.72715 0.912322 0
v 0.79807 0.812712 0
v 0.819905 0.689235 0
v 0.818551 0.685173 0
v 0.690589 0.685173 0
v 0.676032 0.767688 0
v 0.632363 0.835139 0
v 0.56195 0.880078 0
v 0.467163 0.895058 0
v 0.365098 0.8739 0
v 0.285037 0.810427 0
v 0.233243 0.714455 0
v 0.215978 0.595802 0
v 0.215978 0.391334 0
v 0.234259 0.271581 0
v 0.2891 0.175017 0
v 0.372376 0.11129 0
v 0.475965 0.090047 0
v 0.614421 0.112729 0
v 0.690589 0.166554 0
v 0.690589 0.388626 0
v 0.467163 0.388626 0
v 0.467163 0.492891 0
v 0.823968 0.492891 0

f 1642 1611 1610 
f 1643 1642 1610 
f 1646 1643 1610 
f 1641 1612 1611 
f 1642 1641 1611 
f 1641 1640 1612 
f 1639 1613 1612 
f 1640 1639 1612 
f 1638 1614 1613 
f 1639 1638 1613 
f 1638 1637 1614 
f 1637 1615 1614 
f 1637 1616 1615 
f 1636 1617 1616 
f 1637 1636 1616 
f 1634 1618 1617 
f 1635 1634 1617 
f 1636 1635 1617 
f 1634 1619 1618 
f 1633 1620 1619 
f 1634 1633 1619 
f 1632 1621 1620 
f 1633 1632 1620 
f 1630 1622 1621 
f 1631 1630 1621 
f 1632 1631 1621 
f 1629 1623 1622 
f 1630 1629 1622 
f 1628 1624 1623 
f 1629 1628 1623 
f 1628 1625 1624 
f 1627 1626 1625 
f 1628 1627 1625 
f 1645 1644 1643 
f 1646 1645 1643 

g F
v 0.664184 0.436019 0
v 0.248477 0.436019 0
v 0.248477 0 0
v 0.115098 0 0
v 0.115098 0.985782 0
v 0.733243 0.985782 0
v 0.733243 0.88084 0
v 0.248477 0.88084 0
v 0.248477 0.540961 0
v 0.664184 0.540961 0

f 1655 1648 1647 
f 1656 1655 1647 
f 1650 1649 1648 
f 1655 1650 1648 
f 1655 1651 1650 
f 1654 1652 1651 
f 1655 1654 1651 
f 1654 1653 1652 

g E
v 0.653351 0.457007 0
v 0.248477 0.457007 0
v 0.248477 0.104265 0
v 0.72241 0.104265 0
v 0.72241 0 0
v 0.115098 0 0
v 0.115098 0.985782 0
v 0.714963 0.985782 0
v 0.714963 0.88084 0
v 0.248477 0.88084 0
v 0.248477 0.56195 0
v 0.653351 0.56195 0

f 1667 1658 1657 
f 1668 1667 1657 
f 1662 1659 1658 
f 1663 1662 1658 
f 1667 1663 1658 
f 1661 1660 1659 
f 1662 1661 1659 
f 1666 1664 1663 
f 1667 1666 1663 
f 1666 1665 1664 

g D
v 0.115098 0 0
v 0.115098 0.985782 0
v 0.425186 0.985782 0
v 0.599272 0.956076 0
v 0.735613 0.86696 0
v 0.823714 0.730789 0
v 0.853081 0.559919 0
v 0.853081 0.425186 0
v 0.823714 0.253978 0
v 0.735613 0.118145 0
v 0.599272 0.029536 0
v 0.425186 0 0
v 0.248477 0.88084 0
v 0.248477 0.104265 0
v 0.425186 0.104265 0
v 0.547478 0.126777 0
v 0.640826 0.194313 0
v 0.699983 0.297055 0
v 0.719702 0.425186 0
v 0.719702 0.561273 0
v 0.699983 0.688389 0
v 0.640826 0.790792 0
v 0.547478 0.858328 0
v 0.425186 0.88084 0

f 1681 1670 1669 
f 1682 1681 1669 
f 1680 1682 1669 
f 1681 1671 1670 
f 1691 1672 1671 
f 1692 1691 1671 
f 1681 1692 1671 
f 1690 1673 1672 
f 1691 1690 1672 
f 1689 1674 1673 
f 1690 1689 1673 
f 1688 1675 1674 
f 1689 1688 1674 
f 1687 1676 1675 
f 1688 1687 1675 
f 1686 1677 1676 
f 1687 1686 1676 
f 1686 1678 1677 
f 1685 1679 1678 
f 1686 1685 1678 
f 1684 1680 1679 
f 1685 1684 1679 
f 1684 1683 1680 
f 1683 1682 1680 

g C
v 0.818551 0.315504 0
v 0.819905 0.311442 0
v 0.796886 0.183988 0
v 0.72241 0.079215 0
v 0.606127 0.00914 0
v 0.457684 -0.014218 0
v 0.305941 0.015403 0
v 0.185173 0.104265 0
v 0.106212 0.238659 0
v 0.079892 0.404875 0
v 0.079892 0.58023 0
v 0.106212 0.74653 0
v 0.185173 0.881178 0
v 0.305941 0.970294 0
v 0.457684 1 0
v 0.60782 0.977742 0
v 0.723764 0.910968 0
v 0.797224 0.807464 0
v 0.819905 0.675017 0
v 0.818551 0.670955 0
v 0.690589 0.670955 0
v 0.675355 0.76371 0
v 0.629655 0.8348 0
v 0.556195 0.879993 0
v 0.457684 0.895058 0
v 0.357312 0.872546 0
v 0.279621 0.80501 0
v 0.229858 0.70413 0
v 0.21327 0.581584 0
v 0.21327 0.404875 0
v 0.229858 0.281313 0
v 0.279621 0.180095 0
v 0.357312 0.112559 0
v 0.457684 0.090047 0
v 0.556195 0.105027 0
v 0.629655 0.149966 0
v 0.675355 0.22131 0
v 0.690589 0.315504 0

f 1730 1694 1693 
f 1730 1695 1694 
f 1729 1696 1695 
f 1730 1729 1695 
f 1728 1697 1696 
f 1729 1728 1696 
f 1727 1698 1697 
f 1728 1727 1697 
f 1727 1726 1698 
f 1725 1699 1698 
f 1726 1725 1698 
f 1724 1700 1699 
f 1725 1724 1699 
f 1724 1701 1700 
f 1724 1723 1701 
f 1723 1702 1701 
f 1722 1703 1702 
f 1723 1722 1702 
f 1720 1704 1703 
f 1721 1720 1703 
f 1722 1721 1703 
f 1719 1705 1704 
f 1720 1719 1704 
f 1719 1706 1705 
f 1718 1707 1706 
f 1719 1718 1706 
f 1716 1708 1707 
f 1717 1716 1707 
f 1718 1717 1707 
f 1715 1709 1708 
f 1716 1715 1708 
f 1714 1710 1709 
f 1715 1714 1709 
f 1714 1711 1710 
f 1713 1712 1711 
f 1714 1713 1711 

g B
v 0.115098 0 0
v 0.115098 0.985782 0
v 0.436696 0.985782 0
v 0.574306 0.96911 0
v 0.678402 0.919093 0
v 0.743907 0.835731 0
v 0.765741 0.719025 0
v 0.755924 0.658683 0
v 0.726473 0.604942 0
v 0.622207 0.528097 0
v 0.708954 0.500339 0
v 0.775559 0.444144 0
v 0.817959 0.367468 0
v 0.832092 0.278267 0
v 0.810088 0.158852 0
v 0.744076 0.071429 0
v 0.640487 0.017857 0
v 0.505755 0 0
v 0.248477 0.462424 0
v 0.248477 0.104265 0
v 0.505755 0.104265 0
v 0.586916 0.115521 0
v 0.647596 0.149289 0
v 0.685427 0.203707 0
v 0.698037 0.276913 0
v 0.685173 0.35088 0
v 0.646581 0.408937 0
v 0.586154 0.44736 0
v 0.507786 0.462424 0
v 0.498984 0.462424 0
v 0.248477 0.566689 0
v 0.464455 0.566689 0
v 0.531991 0.57693 0
v 0.585647 0.607651 0
v 0.620684 0.656652 0
v 0.632363 0.721733 0
v 0.619753 0.791554 0
v 0.581923 0.841232 0
v 0.520396 0.870938 0
v 0.436696 0.88084 0
v 0.248477 0.88084 0

f 1749 1732 1731 
f 1750 1749 1731 
f 1748 1750 1731 
f 1771 1733 1732 
f 1761 1771 1732 
f 1749 1761 1732 
f 1769 1734 1733 
f 1770 1769 1733 
f 1771 1770 1733 
f 1768 1735 1734 
f 1769 1768 1734 
f 1767 1736 1735 
f 1768 1767 1735 
f 1766 1737 1736 
f 1767 1766 1736 
f 1766 1738 1737 
f 1765 1739 1738 
f 1766 1765 1738 
f 1764 1740 1739 
f 1765 1764 1739 
f 1757 1741 1740 
f 1758 1757 1740 
f 1759 1758 1740 
f 1763 1759 1740 
f 1764 1763 1740 
f 1757 1742 1741 
f 1756 1743 1742 
f 1757 1756 1742 
f 1755 1744 1743 
f 1756 1755 1743 
f 1755 1745 1744 
f 1754 1746 1745 
f 1755 1754 1745 
f 1753 1747 1746 
f 1754 1753 1746 
f 1752 1748 1747 
f 1753 1752 1747 
f 1752 1751 1748 
f 1751 1750 1748 
f 1749 1762 1761 
f 1759 1763 1762 
f 1760 1759 1762 
f 1749 1760 1762 

g A
v 0.624238 0.253893 0
v 0.253216 0.253893 0
v 0.1652 0 0
v 0.029113 0 0
v 0.384563 0.985782 0
v 0.498984 0.985782 0
v 0.846987 0 0
v 0.7109 0 0
v 0.291808 0.365606 0
v 0.586324 0.365606 0
v 0.442789 0.788761 0
v 0.438727 0.788761 0

f 1779 1778 1772 
f 1780 1773 1772 
f 1781 1780 1772 
f 1778 1781 1772 
f 1775 1774 1773 
f 1780 1775 1773 
f 1780 1776 1775 
f 1782 1777 1776 
f 1783 1782 1776 
f 1780 1783 1776 
f 1781 1778 1777 
f 1782 1781 1777 

