# WaveFront *.obj file (generated by CINEMA 4D)

g @
v 1.170616 0.352065 0
v 1.145227 0.213186 0
v 1.081246 0.094448 0
v 0.977488 0.012949 0
v 0.832769 -0.014218 0
v 0.781652 -0.006517 0
v 0.737982 0.016588 0
v 0.703961 0.053741 0
v 0.681787 0.103588 0
v 0.611713 0.017265 0
v 0.565758 -0.004316 0
v 0.512525 -0.01151 0
v 0.423494 0.008548 0
v 0.358158 0.06872 0
v 0.321598 0.162068 0
v 0.31889 0.281652 0
v 0.352488 0.434665 0
v 0.418077 0.553825 0
v 0.508378 0.630501 0
v 0.616114 0.65606 0
v 0.7478 0.638456 0
v 0.857143 0.584292 0
v 0.855112 0.581584 0
v 0.858497 0.581584 0
v 0.823968 0.198375 0
v 0.831754 0.117468 0
v 0.846707 0.099724 0
v 0.853918 0.096529 0
v 0.861882 0.095464 0
v 0.930179 0.113659 0
v 0.983412 0.168246 0
v 1.034529 0.352065 0
v 1.017434 0.55628 0
v 0.944482 0.709885 0
v 0.816181 0.80611 0
v 0.63304 0.838185 0
v 0.44956 0.803656 0
v 0.308057 0.700068 0
v 0.215132 0.536899 0
v 0.177387 0.323629 0
v 0.19609 0.115775 0
v 0.27522 -0.043331 0
v 0.408345 -0.14438 0
v 0.589032 -0.178064 0
v 0.707177 -0.165538 0
v 0.813135 -0.134056 0
v 0.838863 -0.246445 0
v 0.723426 -0.290792 0
v 0.586324 -0.306703 0
v 0.344279 -0.264557 0
v 0.1652 -0.138118 0
v 0.05738 0.061611 0
v 0.029113 0.323629 0
v 0.078876 0.584039 0
v 0.203791 0.78436 0
v 0.393026 0.912068 0
v 0.635748 0.954638 0
v 0.869414 0.914353 0
v 1.040961 0.7935 0
v 1.143619 0.602573 0
v 0.486798 0.281652 0
v 0.498646 0.158768 0
v 0.522258 0.127539 0
v 0.53762 0.119944 0
v 0.557211 0.117129 0
v 0.591825 0.122207 0
v 0.622546 0.137441 0
v 0.649543 0.166385 0
v 0.672986 0.212593 0
v 0.700068 0.518619 0
v 0.670955 0.524374 0
v 0.642519 0.526743 0
v 0.580484 0.511425 0
v 0.535206 0.465471 0

f 32 2 1 
f 33 32 1 
f 60 33 1 
f 31 3 2 
f 32 31 2 
f 30 4 3 
f 31 30 3 
f 29 5 4 
f 30 29 4 
f 28 27 5 
f 29 28 5 
f 27 6 5 
f 27 7 6 
f 27 26 7 
f 26 8 7 
f 26 9 8 
f 26 25 9 
f 66 10 9 
f 67 66 9 
f 68 67 9 
f 69 68 9 
f 25 69 9 
f 65 11 10 
f 66 65 10 
f 64 12 11 
f 65 64 11 
f 64 63 12 
f 63 13 12 
f 63 62 13 
f 62 14 13 
f 62 15 14 
f 62 61 15 
f 61 16 15 
f 61 17 16 
f 74 18 17 
f 61 74 17 
f 73 19 18 
f 74 73 18 
f 73 20 19 
f 71 21 20 
f 72 71 20 
f 73 72 20 
f 23 22 21 
f 70 23 21 
f 71 70 21 
f 25 24 23 
f 70 25 23 
f 70 69 25 
f 60 34 33 
f 60 59 34 
f 58 35 34 
f 59 58 34 
f 57 36 35 
f 58 57 35 
f 57 37 36 
f 56 38 37 
f 57 56 37 
f 55 39 38 
f 56 55 38 
f 54 40 39 
f 55 54 39 
f 53 41 40 
f 54 53 40 
f 52 42 41 
f 53 52 41 
f 50 43 42 
f 51 50 42 
f 52 51 42 
f 49 44 43 
f 50 49 43 
f 48 45 44 
f 49 48 44 
f 47 46 45 
f 48 47 45 

g %
v 0.061611 0.796209 0
v 0.075829 0.876693 0
v 0.118483 0.942112 0
v 0.187373 0.985528 0
v 0.280298 1 0
v 0.374238 0.985528 0
v 0.443466 0.942112 0
v 0.486121 0.876693 0
v 0.500339 0.796209 0
v 0.500339 0.744076 0
v 0.486121 0.663761 0
v 0.443466 0.598849 0
v 0.374577 0.555941 0
v 0.281652 0.541638 0
v 0.188135 0.556026 0
v 0.118822 0.599188 0
v 0.075914 0.664184 0
v 0.061611 0.744076 0
v 0.207854 0.744076 0
v 0.212593 0.713016 0
v 0.226811 0.687542 0
v 0.25 0.670531 0
v 0.281652 0.664861 0
v 0.312204 0.670531 0
v 0.3348 0.687542 0
v 0.348764 0.713016 0
v 0.353419 0.744076 0
v 0.353419 0.796209 0
v 0.34868 0.827437 0
v 0.334462 0.853419 0
v 0.311442 0.870938 0
v 0.280298 0.876777 0
v 0.249661 0.870938 0
v 0.226811 0.853419 0
v 0.212593 0.827437 0
v 0.207854 0.796209 0
v 0.529452 0.241706 0
v 0.543839 0.321682 0
v 0.587001 0.386933 0
v 0.656398 0.430349 0
v 0.749492 0.444821 0
v 0.843348 0.430433 0
v 0.912322 0.387271 0
v 0.954722 0.322106 0
v 0.968856 0.241706 0
v 0.968856 0.189573 0
v 0.954722 0.108751 0
v 0.912322 0.04367 0
v 0.843687 0.000762 0
v 0.750846 -0.013541 0
v 0.65716 0.000846 0
v 0.587339 0.044008 0
v 0.543923 0.109174 0
v 0.529452 0.189573 0
v 0.676371 0.189573 0
v 0.681787 0.159276 0
v 0.698037 0.133378 0
v 0.722072 0.115606 0
v 0.750846 0.109682 0
v 0.786053 0.114929 0
v 0.807718 0.13067 0
v 0.81889 0.15589 0
v 0.822613 0.189573 0
v 0.822613 0.241706 0
v 0.817789 0.272427 0
v 0.803318 0.29824 0
v 0.780213 0.315758 0
v 0.749492 0.321598 0
v 0.718348 0.315758 0
v 0.695328 0.29824 0
v 0.68111 0.272427 0
v 0.676371 0.241706 0
v 0.312796 0.073798 0
v 0.2065 0.127285 0
v 0.687881 0.897766 0
v 0.794177 0.844279 0

f 109 76 75 
f 110 109 75 
f 93 110 75 
f 92 93 75 
f 109 77 76 
f 108 78 77 
f 109 108 77 
f 107 79 78 
f 108 107 78 
f 105 80 79 
f 106 105 79 
f 107 106 79 
f 104 81 80 
f 105 104 80 
f 103 82 81 
f 104 103 81 
f 103 83 82 
f 101 84 83 
f 102 101 83 
f 103 102 83 
f 100 85 84 
f 101 100 84 
f 100 86 85 
f 99 87 86 
f 100 99 86 
f 98 88 87 
f 99 98 87 
f 98 97 88 
f 96 89 88 
f 97 96 88 
f 96 95 89 
f 95 90 89 
f 95 94 90 
f 94 91 90 
f 94 92 91 
f 94 93 92 
f 145 112 111 
f 146 145 111 
f 129 146 111 
f 128 129 111 
f 145 113 112 
f 144 114 113 
f 145 144 113 
f 143 115 114 
f 144 143 114 
f 141 116 115 
f 142 141 115 
f 143 142 115 
f 140 117 116 
f 141 140 116 
f 139 118 117 
f 140 139 117 
f 139 119 118 
f 137 120 119 
f 138 137 119 
f 139 138 119 
f 136 121 120 
f 137 136 120 
f 135 122 121 
f 136 135 121 
f 135 123 122 
f 134 124 123 
f 135 134 123 
f 134 133 124 
f 132 125 124 
f 133 132 124 
f 132 131 125 
f 131 126 125 
f 131 130 126 
f 130 127 126 
f 130 129 127 
f 129 128 127 
f 150 149 147 
f 149 148 147 

g '
v 0.247123 0.788084 0
v 0.178064 0.596479 0
v 0.050102 0.596479 0
v 0.050102 0.985782 0
v 0.247123 0.985782 0

f 153 152 151 
f 154 153 151 
f 155 154 151 

g /
v 0.211239 -0.084631 0
v -0.019634 -0.084631 0
v 0.316858 0.985782 0
v 0.547732 0.985782 0

f 159 158 156 
f 158 157 156 

g +
v 0.475288 0.559242 0
v 0.706161 0.559242 0
v 0.706161 0.363575 0
v 0.475288 0.363575 0
v 0.475288 0.098849 0
v 0.262018 0.098849 0
v 0.262018 0.363575 0
v 0.030467 0.363575 0
v 0.030467 0.559242 0
v 0.262018 0.559242 0
v 0.262018 0.81652 0
v 0.475288 0.81652 0

f 162 161 160 
f 163 162 160 
f 169 163 160 
f 171 169 160 
f 165 164 163 
f 166 165 163 
f 169 166 163 
f 168 167 166 
f 169 168 166 
f 171 170 169 

g #
v 0.419093 0.27759 0
v 0.310088 0.27759 0
v 0.264726 0 0
v 0.129993 0 0
v 0.175355 0.27759 0
v 0.025051 0.27759 0
v 0.025051 0.401489 0
v 0.195667 0.401489 0
v 0.225457 0.58023 0
v 0.075829 0.58023 0
v 0.075829 0.70413 0
v 0.245768 0.70413 0
v 0.292485 0.985782 0
v 0.42654 0.985782 0
v 0.380501 0.70413 0
v 0.489506 0.70413 0
v 0.536222 0.985782 0
v 0.670955 0.985782 0
v 0.624238 0.70413 0
v 0.780636 0.70413 0
v 0.780636 0.58023 0
v 0.603927 0.58023 0
v 0.574137 0.401489 0
v 0.729181 0.401489 0
v 0.729181 0.27759 0
v 0.553825 0.27759 0
v 0.508463 0 0
v 0.373731 0 0
v 0.330399 0.401489 0
v 0.439404 0.401489 0
v 0.469194 0.58023 0
v 0.36019 0.58023 0

f 197 201 172 
f 198 197 172 
f 199 198 172 
f 200 173 172 
f 201 200 172 
f 176 174 173 
f 179 176 173 
f 200 179 173 
f 176 175 174 
f 178 177 176 
f 179 178 176 
f 200 180 179 
f 203 183 180 
f 200 203 180 
f 182 181 180 
f 183 182 180 
f 186 184 183 
f 203 186 183 
f 186 185 184 
f 202 187 186 
f 203 202 186 
f 190 188 187 
f 193 190 187 
f 202 193 187 
f 190 189 188 
f 192 191 190 
f 193 192 190 
f 202 194 193 
f 196 195 194 
f 197 196 194 
f 201 197 194 
f 202 201 194 

g -
v 0.490183 0.336493 0
v 0.091401 0.336493 0
v 0.091401 0.513202 0
v 0.490183 0.513202 0

f 206 205 204 
f 207 206 204 

g ,
v 0.316181 -0.005416 0
v 0.205823 -0.220718 0
v 0.04807 -0.220718 0
v 0.095464 0.000677 0
v 0.095464 0.178741 0
v 0.316181 0.178741 0

f 211 209 208 
f 213 211 208 
f 211 210 209 
f 213 212 211 

g .
v 0.320244 0 0
v 0.092079 0 0
v 0.092079 0.192282 0
v 0.320244 0.192282 0

f 216 215 214 
f 217 216 214 

g 9
v 0.371022 0.161814 0
v 0.427725 0.174086 0
v 0.473257 0.2109 0
v 0.503216 0.26938 0
v 0.513202 0.346649 0
v 0.513202 0.403521 0
v 0.436019 0.342248 0
v 0.341909 0.321598 0
v 0.222156 0.344194 0
v 0.131009 0.411984 0
v 0.073375 0.517857 0
v 0.054164 0.654705 0
v 0.078199 0.789269 0
v 0.150305 0.900474 0
v 0.260494 0.975118 0
v 0.398781 1 0
v 0.535122 0.974018 0
v 0.644888 0.896073 0
v 0.717248 0.772596 0
v 0.741368 0.61002 0
v 0.741368 0.362221 0
v 0.715047 0.208531 0
v 0.636087 0.088693 0
v 0.51718 0.01151 0
v 0.371022 -0.014218 0
v 0.266418 -0.003047 0
v 0.162492 0.028436 0
v 0.20176 0.191605 0
v 0.283683 0.168923 0
v 0.392011 0.486121 0
v 0.462085 0.501016 0
v 0.513202 0.541638 0
v 0.513202 0.651997 0
v 0.505162 0.725965 0
v 0.481043 0.779959 0
v 0.444228 0.812965 0
v 0.398104 0.823967 0
v 0.350203 0.811273 0
v 0.313473 0.773189 0
v 0.290115 0.718179 0
v 0.282329 0.654705 0
v 0.289353 0.586239 0
v 0.310427 0.532498 0
v 0.344871 0.497715 0

f 242 219 218 
f 243 242 218 
f 246 243 218 
f 241 220 219 
f 242 241 219 
f 240 221 220 
f 241 240 220 
f 239 222 221 
f 240 239 221 
f 238 223 222 
f 239 238 222 
f 238 249 223 
f 247 224 223 
f 248 247 223 
f 249 248 223 
f 247 225 224 
f 247 261 225 
f 261 226 225 
f 261 260 226 
f 260 227 226 
f 260 228 227 
f 260 259 228 
f 259 229 228 
f 257 230 229 
f 258 257 229 
f 259 258 229 
f 256 231 230 
f 257 256 230 
f 256 232 231 
f 255 233 232 
f 256 255 232 
f 253 234 233 
f 254 253 233 
f 255 254 233 
f 252 235 234 
f 253 252 234 
f 251 236 235 
f 252 251 235 
f 250 237 236 
f 251 250 236 
f 249 238 237 
f 250 249 237 
f 246 244 243 
f 246 245 244 

g 8
v 0.730535 0.727827 0
v 0.721564 0.66063 0
v 0.694651 0.601219 0
v 0.595802 0.512525 0
v 0.720379 0.4174 0
v 0.754909 0.351811 0
v 0.766418 0.27759 0
v 0.741706 0.15479 0
v 0.667569 0.062627 0
v 0.55501 0.004993 0
v 0.41503 -0.014218 0
v 0.269381 0.005078 0
v 0.151997 0.062965 0
v 0.07456 0.155213 0
v 0.048747 0.27759 0
v 0.060596 0.351811 0
v 0.096141 0.4174 0
v 0.226134 0.512525 0
v 0.12153 0.60088 0
v 0.093348 0.660545 0
v 0.083954 0.727827 0
v 0.106804 0.843517 0
v 0.175355 0.929248 0
v 0.280636 0.982312 0
v 0.413676 1 0
v 0.542146 0.982397 0
v 0.643196 0.929587 0
v 0.7087 0.84394 0
v 0.537576 0.289777 0
v 0.52869 0.343263 0
v 0.502031 0.385917 0
v 0.46217 0.413846 0
v 0.413676 0.423155 0
v 0.360359 0.413846 0
v 0.316858 0.385917 0
v 0.287915 0.343263 0
v 0.278267 0.289777 0
v 0.287915 0.23739 0
v 0.316858 0.196682 0
v 0.360697 0.170531 0
v 0.41503 0.161814 0
v 0.463355 0.170447 0
v 0.502708 0.196344 0
v 0.528859 0.236967 0
v 0.50237 0.71564 0
v 0.496445 0.761341 0
v 0.478673 0.795531 0
v 0.450575 0.816858 0
v 0.413676 0.823967 0
v 0.371953 0.816943 0
v 0.340217 0.79587 0
v 0.320159 0.761764 0
v 0.313473 0.71564 0
v 0.320328 0.667654 0
v 0.340894 0.63067 0
v 0.373138 0.607058 0
v 0.41503 0.599188 0
v 0.451337 0.607058 0
v 0.479012 0.63067 0
v 0.49653 0.667654 0

f 306 263 262 
f 307 306 262 
f 289 307 262 
f 321 264 263 
f 306 321 263 
f 321 265 264 
f 291 266 265 
f 292 291 265 
f 293 292 265 
f 319 293 265 
f 320 319 265 
f 321 320 265 
f 290 267 266 
f 291 290 266 
f 290 268 267 
f 305 269 268 
f 290 305 268 
f 305 270 269 
f 304 271 270 
f 305 304 270 
f 303 272 271 
f 304 303 271 
f 303 302 272 
f 301 273 272 
f 302 301 272 
f 301 300 273 
f 300 274 273 
f 300 299 274 
f 299 275 274 
f 299 276 275 
f 298 277 276 
f 299 298 276 
f 298 278 277 
f 297 279 278 
f 298 297 278 
f 316 315 279 
f 317 316 279 
f 295 317 279 
f 296 295 279 
f 297 296 279 
f 315 280 279 
f 315 314 280 
f 314 281 280 
f 314 282 281 
f 313 283 282 
f 314 313 282 
f 313 284 283 
f 312 285 284 
f 313 312 284 
f 311 286 285 
f 312 311 285 
f 309 287 286 
f 310 309 286 
f 311 310 286 
f 308 288 287 
f 309 308 287 
f 307 289 288 
f 308 307 288 
f 294 318 317 
f 295 294 317 
f 294 319 318 
f 294 293 319 

g 7
v 0.7522 0.809749 0
v 0.537238 0.480366 0
v 0.47935 0.129316 0
v 0.47935 0 0
v 0.250508 0 0
v 0.250508 0.129316 0
v 0.322275 0.491875 0
v 0.532837 0.809749 0
v 0.039269 0.809749 0
v 0.039269 0.985782 0
v 0.7522 0.985782 0

f 329 323 322 
f 332 329 322 
f 328 324 323 
f 329 328 323 
f 327 325 324 
f 328 327 324 
f 327 326 325 
f 331 330 329 
f 332 331 329 

g 6
v 0.462424 1 0
v 0.563981 0.990183 0
v 0.663507 0.9587 0
v 0.624915 0.792146 0
v 0.542993 0.813473 0
v 0.463778 0.820582 0
v 0.388118 0.805603 0
v 0.329045 0.760663 0
v 0.290961 0.686273 0
v 0.278267 0.582938 0
v 0.278267 0.57346 0
v 0.370007 0.631009 0
v 0.492214 0.65132 0
v 0.604519 0.628301 0
v 0.688219 0.559242 0
v 0.740267 0.453284 0
v 0.757617 0.319567 0
v 0.733412 0.186865 0
v 0.660799 0.079892 0
v 0.550271 0.009309 0
v 0.412322 -0.014218 0
v 0.265487 0.012356 0
v 0.149966 0.092079 0
v 0.075068 0.218009 0
v 0.050102 0.383209 0
v 0.050102 0.581584 0
v 0.078961 0.755755 0
v 0.165538 0.888287 0
v 0.297478 0.972072 0
v 0.415708 0.476642 0
v 0.332431 0.463778 0
v 0.278267 0.427217 0
v 0.278267 0.383209 0
v 0.287068 0.288676 0
v 0.313473 0.219025 0
v 0.355789 0.176117 0
v 0.412322 0.161814 0
v 0.459039 0.17324 0
v 0.496276 0.207515 0
v 0.52065 0.258378 0
v 0.528775 0.319567 0
v 0.520988 0.385748 0
v 0.49763 0.435342 0
v 0.461578 0.466317 0

f 338 334 333 
f 339 338 333 
f 361 339 333 
f 337 335 334 
f 338 337 334 
f 337 336 335 
f 361 340 339 
f 360 341 340 
f 361 360 340 
f 358 342 341 
f 359 358 341 
f 360 359 341 
f 358 343 342 
f 363 344 343 
f 364 363 343 
f 358 364 343 
f 362 345 344 
f 363 362 344 
f 376 346 345 
f 362 376 345 
f 375 347 346 
f 376 375 346 
f 374 348 347 
f 375 374 347 
f 374 349 348 
f 372 350 349 
f 373 372 349 
f 374 373 349 
f 372 351 350 
f 371 352 351 
f 372 371 351 
f 370 353 352 
f 371 370 352 
f 370 369 353 
f 368 354 353 
f 369 368 353 
f 368 367 354 
f 367 355 354 
f 367 356 355 
f 367 366 356 
f 366 357 356 
f 364 358 357 
f 365 364 357 
f 366 365 357 

g 5
v 0.081923 0.433311 0
v 0.138795 0.985782 0
v 0.716317 0.985782 0
v 0.716317 0.808395 0
v 0.324306 0.808395 0
v 0.299255 0.60325 0
v 0.370007 0.635071 0
v 0.463778 0.648612 0
v 0.585393 0.628893 0
v 0.675355 0.56432 0
v 0.730958 0.459123 0
v 0.749492 0.317536 0
v 0.728842 0.186781 0
v 0.666892 0.08023 0
v 0.560596 0.009394 0
v 0.406906 -0.014218 0
v 0.275305 0.004316 0
v 0.162153 0.059919 0
v 0.085223 0.145988 0
v 0.062288 0.255924 0
v 0.062965 0.259986 0
v 0.287068 0.273527 0
v 0.295278 0.22698 0
v 0.319905 0.191605 0
v 0.358074 0.169262 0
v 0.406906 0.161814 0
v 0.4609 0.171462 0
v 0.495599 0.200406 0
v 0.514387 0.248646 0
v 0.52065 0.316181 0
v 0.513372 0.388795 0
v 0.491537 0.444144 0
v 0.453961 0.479181 0
v 0.399458 0.49086 0
v 0.358412 0.485951 0
v 0.325999 0.471225 0
v 0.302217 0.449052 0
v 0.287068 0.421801 0

f 382 378 377 
f 413 382 377 
f 414 413 377 
f 381 379 378 
f 382 381 378 
f 381 380 379 
f 411 383 382 
f 412 411 382 
f 413 412 382 
f 410 384 383 
f 411 410 383 
f 409 385 384 
f 410 409 384 
f 408 386 385 
f 409 408 385 
f 408 387 386 
f 407 388 387 
f 408 407 387 
f 405 389 388 
f 406 405 388 
f 407 406 388 
f 405 390 389 
f 404 391 390 
f 405 404 390 
f 403 392 391 
f 404 403 391 
f 403 402 392 
f 401 393 392 
f 402 401 392 
f 401 400 393 
f 400 394 393 
f 400 399 394 
f 399 395 394 
f 399 396 395 
f 398 397 396 
f 399 398 396 

g 4
v 0.666892 0.38524 0
v 0.766418 0.38524 0
v 0.766418 0.207854 0
v 0.666892 0.207854 0
v 0.666892 0 0
v 0.43805 0 0
v 0.43805 0.207854 0
v 0.046039 0.207854 0
v 0.032498 0.34868 0
v 0.43805 0.983751 0
v 0.43805 0.985782 0
v 0.666892 0.985782 0
v 0.228842 0.38524 0
v 0.43805 0.38524 0
v 0.43805 0.691943 0
v 0.433988 0.69262 0
v 0.408937 0.641842 0

f 417 416 415 
f 418 417 415 
f 428 418 415 
f 429 428 415 
f 426 429 415 
f 421 419 418 
f 428 421 418 
f 421 420 419 
f 427 422 421 
f 428 427 421 
f 427 423 422 
f 431 424 423 
f 427 431 423 
f 426 425 424 
f 429 426 424 
f 430 429 424 
f 431 430 424 

g 3
v 0.391334 0.588355 0
v 0.445836 0.596649 0
v 0.486121 0.62153 0
v 0.511002 0.661137 0
v 0.519296 0.713609 0
v 0.510833 0.756178 0
v 0.485443 0.791808 0
v 0.445667 0.815928 0
v 0.394042 0.823967 0
v 0.354012 0.81762 0
v 0.320582 0.798578 0
v 0.297986 0.769211 0
v 0.290454 0.731889 0
v 0.068382 0.731889 0
v 0.067028 0.735951 0
v 0.088101 0.842586 0
v 0.159445 0.926879 0
v 0.266334 0.98172 0
v 0.394042 1 0
v 0.538507 0.981635 0
v 0.650982 0.92654 0
v 0.723341 0.837762 0
v 0.747461 0.718348 0
v 0.737305 0.654028 0
v 0.706838 0.595125 0
v 0.596479 0.506432 0
v 0.667231 0.469956 0
v 0.719702 0.418754 0
v 0.7522 0.353842 0
v 0.763033 0.276236 0
v 0.737051 0.155298 0
v 0.659106 0.063304 0
v 0.540877 0.005162 0
v 0.394042 -0.014218 0
v 0.26371 0.003978 0
v 0.151659 0.058565 0
v 0.075322 0.147681 0
v 0.052133 0.269465 0
v 0.053487 0.273527 0
v 0.276236 0.273527 0
v 0.284529 0.229519 0
v 0.309411 0.193636 0
v 0.347156 0.16977 0
v 0.394042 0.161814 0
v 0.450152 0.170362 0
v 0.495261 0.196005 0
v 0.524966 0.234343 0
v 0.534868 0.280975 0
v 0.525474 0.343009 0
v 0.497292 0.385579 0
v 0.452014 0.410206 0
v 0.391334 0.418416 0
v 0.283006 0.418416 0
v 0.283006 0.588355 0

f 483 433 432 
f 485 483 432 
f 457 434 433 
f 482 457 433 
f 483 482 433 
f 457 435 434 
f 456 436 435 
f 457 456 435 
f 454 453 436 
f 455 454 436 
f 456 455 436 
f 453 437 436 
f 453 452 437 
f 452 438 437 
f 452 451 438 
f 451 439 438 
f 450 440 439 
f 451 450 439 
f 450 441 440 
f 449 442 441 
f 450 449 441 
f 448 443 442 
f 449 448 442 
f 447 444 443 
f 448 447 443 
f 447 445 444 
f 447 446 445 
f 480 458 457 
f 481 480 457 
f 482 481 457 
f 480 459 458 
f 480 460 459 
f 479 461 460 
f 480 479 460 
f 479 462 461 
f 478 463 462 
f 479 478 462 
f 477 464 463 
f 478 477 463 
f 476 465 464 
f 477 476 464 
f 476 475 465 
f 474 466 465 
f 475 474 465 
f 474 473 466 
f 473 467 466 
f 473 472 467 
f 472 468 467 
f 472 469 468 
f 471 470 469 
f 472 471 469 
f 485 484 483 

g 2
v 0.753555 0 0
v 0.068382 0 0
v 0.068382 0.148951 0
v 0.371699 0.482058 0
v 0.46107 0.605281 0
v 0.489506 0.699391 0
v 0.483074 0.750931 0
v 0.463778 0.790454 0
v 0.430264 0.815589 0
v 0.381178 0.823967 0
v 0.3337 0.81305 0
v 0.29824 0.780298 0
v 0.276151 0.730619 0
v 0.268788 0.668923 0
v 0.044685 0.668923 0
v 0.043331 0.672986 0
v 0.06415 0.79934 0
v 0.133378 0.904875 0
v 0.242045 0.976219 0
v 0.381178 1 0
v 0.524543 0.980112 0
v 0.631009 0.920447 0
v 0.697021 0.825914 0
v 0.719025 0.701422 0
v 0.706838 0.613321 0
v 0.670278 0.535884 0
v 0.491537 0.322952 0
v 0.371699 0.179418 0
v 0.373053 0.176032 0
v 0.753555 0.176032 0

f 514 487 486 
f 515 514 486 
f 514 488 487 
f 513 489 488 
f 514 513 488 
f 512 490 489 
f 513 512 489 
f 511 491 490 
f 512 511 490 
f 510 509 491 
f 511 510 491 
f 509 492 491 
f 508 507 492 
f 509 508 492 
f 507 493 492 
f 507 506 493 
f 506 494 493 
f 505 495 494 
f 506 505 494 
f 505 496 495 
f 504 497 496 
f 505 504 496 
f 503 498 497 
f 504 503 497 
f 501 499 498 
f 502 501 498 
f 503 502 498 
f 501 500 499 

g 1
v 0.568043 0 0
v 0.339201 0 0
v 0.339201 0.790115 0
v 0.140826 0.790115 0
v 0.140826 0.964793 0
v 0.568043 1 0

f 518 517 516 
f 521 518 516 
f 520 519 518 
f 521 520 518 

g 0
v 0.744753 0.362221 0
v 0.721225 0.204722 0
v 0.650643 0.085647 0
v 0.541469 0.010748 0
v 0.402167 -0.014218 0
v 0.261848 0.010748 0
v 0.152336 0.085647 0
v 0.081754 0.204722 0
v 0.058226 0.362221 0
v 0.058226 0.623561 0
v 0.081584 0.78106 0
v 0.151659 0.900135 0
v 0.260664 0.975034 0
v 0.400812 1 0
v 0.540284 0.974949 0
v 0.649966 0.899797 0
v 0.721056 0.780636 0
v 0.744753 0.623561 0
v 0.516588 0.639133 0
v 0.508886 0.718517 0
v 0.485782 0.776574 0
v 0.449137 0.812119 0
v 0.400812 0.823967 0
v 0.352234 0.812119 0
v 0.316181 0.776574 0
v 0.293839 0.718517 0
v 0.286391 0.639133 0
v 0.286391 0.348003 0
v 0.293923 0.26718 0
v 0.31652 0.208869 0
v 0.352996 0.173578 0
v 0.402167 0.161814 0
v 0.450322 0.173578 0
v 0.486459 0.208869 0
v 0.509056 0.26718 0
v 0.516588 0.348003 0

f 557 523 522 
f 539 557 522 
f 555 524 523 
f 556 555 523 
f 557 556 523 
f 555 525 524 
f 554 526 525 
f 555 554 525 
f 554 553 526 
f 552 527 526 
f 553 552 526 
f 552 551 527 
f 551 528 527 
f 551 529 528 
f 550 549 529 
f 551 550 529 
f 549 530 529 
f 549 531 530 
f 548 532 531 
f 549 548 531 
f 546 533 532 
f 547 546 532 
f 548 547 532 
f 546 534 533 
f 545 535 534 
f 546 545 534 
f 543 536 535 
f 544 543 535 
f 545 544 535 
f 542 537 536 
f 543 542 536 
f 542 538 537 
f 540 539 538 
f 541 540 538 
f 542 541 538 
f 540 557 539 

g z
v 0.333108 0.176032 0
v 0.666215 0.176032 0
v 0.666215 0 0
v 0.044008 0 0
v 0.044008 0.127285 0
v 0.369668 0.556534 0
v 0.058226 0.556534 0
v 0.058226 0.732566 0
v 0.659445 0.732566 0
v 0.659445 0.609343 0

f 567 563 558 
f 560 559 558 
f 561 560 558 
f 562 561 558 
f 563 562 558 
f 567 566 563 
f 565 564 563 
f 566 565 563 

g y
v 0.34868 0.322952 0
v 0.349357 0.317536 0
v 0.353419 0.317536 0
v 0.474611 0.732566 0
v 0.718348 0.732566 0
v 0.42654 -0.109005 0
v 0.339201 -0.24306 0
v 0.269973 -0.282668 0
v 0.169262 -0.29587 0
v 0.120515 -0.292146 0
v 0.060934 -0.278267 0
v 0.088693 -0.115098 0
v 0.102911 -0.118145 0
v 0.115098 -0.11916 0
v 0.161984 -0.115183 0
v 0.194313 -0.10325 0
v 0.216148 -0.083362 0
v 0.23155 -0.055518 0
v 0.249831 -0.008125 0
v -0.003385 0.732566 0
v 0.239675 0.732566 0

f 586 569 568 
f 587 586 568 
f 588 587 568 
f 586 570 569 
f 572 571 570 
f 573 572 570 
f 586 573 570 
f 584 574 573 
f 585 584 573 
f 586 585 573 
f 583 575 574 
f 584 583 574 
f 582 576 575 
f 583 582 575 
f 582 577 576 
f 581 578 577 
f 582 581 577 
f 580 579 578 
f 581 580 578 

g x
v 0.354773 0.516588 0
v 0.358835 0.516588 0
v 0.451591 0.732566 0
v 0.708192 0.732566 0
v 0.495599 0.370345 0
v 0.71564 0 0
v 0.459039 0 0
v 0.361544 0.222749 0
v 0.357481 0.222749 0
v 0.259986 0 0
v 0.003385 0 0
v 0.223426 0.370345 0
v 0.010156 0.732566 0
v 0.265403 0.732566 0

f 600 590 589 
f 602 600 589 
f 593 591 590 
f 600 593 590 
f 593 592 591 
f 595 594 593 
f 596 595 593 
f 597 596 593 
f 600 597 593 
f 600 598 597 
f 600 599 598 
f 602 601 600 

g w
v 0.693974 0.322952 0
v 0.698037 0.322952 0
v 0.770481 0.732566 0
v 0.98849 0.732566 0
v 0.81652 0 0
v 0.622884 0 0
v 0.503724 0.375085 0
v 0.499661 0.375085 0
v 0.379824 0 0
v 0.186865 0 0
v 0.014218 0.732566 0
v 0.232227 0.732566 0
v 0.305349 0.320244 0
v 0.309411 0.320244 0
v 0.429248 0.732566 0
v 0.57346 0.732566 0

f 608 604 603 
f 609 608 603 
f 618 609 603 
f 606 605 604 
f 607 606 604 
f 608 607 604 
f 618 610 609 
f 616 611 610 
f 617 616 610 
f 618 617 610 
f 615 612 611 
f 616 615 611 
f 615 613 612 
f 615 614 613 

g v
v 0.339201 0.301963 0
v 0.352742 0.224103 0
v 0.356804 0.223426 0
v 0.371699 0.301963 0
v 0.468517 0.732566 0
v 0.708869 0.732566 0
v 0.470548 0 0
v 0.238321 0 0
v 0 0.732566 0
v 0.241029 0.732566 0

f 626 620 619 
f 627 626 619 
f 628 627 619 
f 626 621 620 
f 625 622 621 
f 626 625 621 
f 624 623 622 
f 625 624 622 

g u
v 0.506432 0.109682 0
v 0.422139 0.017942 0
v 0.366368 -0.006178 0
v 0.30264 -0.014218 0
v 0.201168 0.005755 0
v 0.124238 0.065674 0
v 0.075745 0.1674 0
v 0.05958 0.312796 0
v 0.05958 0.732566 0
v 0.287745 0.732566 0
v 0.287745 0.311442 0
v 0.293246 0.238998 0
v 0.309749 0.193636 0
v 0.337762 0.16977 0
v 0.377793 0.161814 0
v 0.442112 0.17197 0
v 0.489506 0.202437 0
v 0.489506 0.732566 0
v 0.718348 0.732566 0
v 0.718348 0 0
v 0.534191 0 0

f 649 648 629 
f 644 630 629 
f 645 644 629 
f 648 645 629 
f 643 631 630 
f 644 643 630 
f 642 632 631 
f 643 642 631 
f 642 633 632 
f 642 641 633 
f 641 634 633 
f 641 635 634 
f 641 640 635 
f 640 636 635 
f 638 637 636 
f 639 638 636 
f 640 639 636 
f 647 646 645 
f 648 647 645 

g t
v 0.327691 0.914692 0
v 0.327691 0.732566 0
v 0.443466 0.732566 0
v 0.443466 0.574137 0
v 0.327691 0.574137 0
v 0.327691 0.238321 0
v 0.331669 0.204553 0
v 0.343602 0.181787 0
v 0.362305 0.168839 0
v 0.386594 0.164523 0
v 0.414692 0.165877 0
v 0.441435 0.171293 0
v 0.457007 0.002031 0
v 0.394719 -0.010494 0
v 0.329045 -0.014218 0
v 0.229604 0.000846 0
v 0.157414 0.046039 0
v 0.11349 0.1239 0
v 0.098849 0.236967 0
v 0.098849 0.574137 0
v -0.003385 0.574137 0
v -0.003385 0.732566 0
v 0.098849 0.732566 0
v 0.098849 0.914692 0

f 673 651 650 
f 653 652 651 
f 654 653 651 
f 672 654 651 
f 673 672 651 
f 669 655 654 
f 672 669 654 
f 668 656 655 
f 669 668 655 
f 666 657 656 
f 667 666 656 
f 668 667 656 
f 665 658 657 
f 666 665 657 
f 663 659 658 
f 664 663 658 
f 665 664 658 
f 663 660 659 
f 662 661 660 
f 663 662 660 
f 671 670 669 
f 672 671 669 

g s
v 0.446852 0.205823 0
v 0.43915 0.231466 0
v 0.416046 0.254232 0
v 0.303995 0.292485 0
v 0.111036 0.370007 0
v 0.062288 0.43238 0
v 0.046039 0.514557 0
v 0.066351 0.604011 0
v 0.127285 0.678741 0
v 0.222918 0.729265 0
v 0.347326 0.746107 0
v 0.478673 0.729773 0
v 0.58023 0.680772 0
v 0.644211 0.605873 0
v 0.66283 0.511848 0
v 0.661476 0.507786 0
v 0.439404 0.507786 0
v 0.433988 0.54587 0
v 0.417739 0.57346 0
v 0.389133 0.590217 0
v 0.346649 0.595802 0
v 0.313643 0.590894 0
v 0.286391 0.576168 0
v 0.268111 0.553825 0
v 0.262018 0.526066 0
v 0.269042 0.499154 0
v 0.290115 0.476642 0
v 0.403521 0.440081 0
v 0.602573 0.361205 0
v 0.650812 0.297817 0
v 0.666892 0.212593 0
v 0.644973 0.122461 0
v 0.579215 0.049763 0
v 0.477404 0.001777 0
v 0.347326 -0.014218 0
v 0.213355 0.004739 0
v 0.110697 0.061611 0
v 0.046462 0.141842 0
v 0.027759 0.230873 0
v 0.029113 0.234936 0
v 0.23629 0.234936 0
v 0.244838 0.190081 0
v 0.267773 0.159783 0
v 0.304248 0.142519 0
v 0.353419 0.136764 0
v 0.393873 0.141249 0
v 0.423155 0.154705 0
v 0.440928 0.176456 0

f 704 703 674 
f 705 704 674 
f 721 705 674 
f 703 675 674 
f 703 702 675 
f 702 676 675 
f 701 677 676 
f 702 701 676 
f 700 678 677 
f 701 700 677 
f 700 699 678 
f 699 679 678 
f 699 698 679 
f 698 680 679 
f 698 681 680 
f 697 682 681 
f 698 697 681 
f 696 683 682 
f 697 696 682 
f 695 684 683 
f 696 695 683 
f 693 685 684 
f 694 693 684 
f 695 694 684 
f 692 686 685 
f 693 692 685 
f 691 687 686 
f 692 691 686 
f 689 688 687 
f 690 689 687 
f 691 690 687 
f 721 706 705 
f 720 707 706 
f 721 720 706 
f 719 708 707 
f 720 719 707 
f 719 718 708 
f 717 709 708 
f 718 717 708 
f 717 716 709 
f 716 710 709 
f 716 715 710 
f 715 711 710 
f 715 714 711 
f 713 712 711 
f 714 713 711 

g r
v 0.469871 0.537576 0
v 0.395396 0.538253 0
v 0.331077 0.523697 0
v 0.309242 0.506178 0
v 0.293839 0.482735 0
v 0.293839 0 0
v 0.064997 0 0
v 0.064997 0.732566 0
v 0.280298 0.732566 0
v 0.288422 0.624915 0
v 0.349357 0.714286 0
v 0.390487 0.738152 0
v 0.43805 0.746107 0
v 0.465809 0.744076 0
v 0.491537 0.737982 0

f 734 723 722 
f 735 734 722 
f 736 735 722 
f 731 724 723 
f 732 731 723 
f 733 732 723 
f 734 733 723 
f 731 725 724 
f 731 726 725 
f 728 727 726 
f 729 728 726 
f 731 729 726 
f 731 730 729 

g q
v 0.034529 0.364929 0
v 0.053233 0.519634 0
v 0.109343 0.641165 0
v 0.199475 0.719871 0
v 0.320244 0.746107 0
v 0.374408 0.739252 0
v 0.421801 0.718687 0
v 0.49763 0.641165 0
v 0.515234 0.732566 0
v 0.714963 0.732566 0
v 0.714963 -0.281652 0
v 0.486121 -0.281652 0
v 0.486121 0.067705 0
v 0.413338 0.00677 0
v 0.31889 -0.014218 0
v 0.198714 0.010833 0
v 0.109005 0.085985 0
v 0.053148 0.202268 0
v 0.034529 0.350711 0
v 0.263372 0.350711 0
v 0.289438 0.211578 0
v 0.322651 0.17527 0
v 0.347481 0.165178 0
v 0.377116 0.161814 0
v 0.442112 0.173663 0
v 0.466655 0.188473 0
v 0.486121 0.209208 0
v 0.486121 0.513879 0
v 0.46674 0.538253 0
v 0.442451 0.555856 0
v 0.37847 0.570074 0
v 0.327773 0.557127 0
v 0.306825 0.539302 0
v 0.290454 0.513879 0
v 0.263372 0.364929 0

f 771 738 737 
f 756 771 737 
f 755 756 737 
f 770 739 738 
f 771 770 738 
f 769 740 739 
f 770 769 739 
f 768 741 740 
f 769 768 740 
f 767 742 741 
f 768 767 741 
f 767 743 742 
f 767 744 743 
f 746 745 744 
f 764 746 744 
f 765 764 744 
f 766 765 744 
f 767 766 744 
f 763 747 746 
f 764 763 746 
f 749 748 747 
f 763 749 747 
f 760 750 749 
f 761 760 749 
f 762 761 749 
f 763 762 749 
f 759 751 750 
f 760 759 750 
f 759 758 751 
f 758 752 751 
f 758 757 752 
f 757 753 752 
f 757 754 753 
f 757 756 754 
f 756 755 754 

g p
v 0.743399 0.350711 0
v 0.72478 0.201845 0
v 0.668923 0.085647 0
v 0.579215 0.010748 0
v 0.459039 -0.014218 0
v 0.365267 0.006093 0
v 0.293839 0.064997 0
v 0.293839 -0.281652 0
v 0.064997 -0.281652 0
v 0.064997 0.732566 0
v 0.280975 0.732566 0
v 0.287745 0.652674 0
v 0.360528 0.721733 0
v 0.457684 0.746107 0
v 0.578453 0.719871 0
v 0.668585 0.641165 0
v 0.724695 0.519634 0
v 0.743399 0.364929 0
v 0.515234 0.364929 0
v 0.488152 0.513879 0
v 0.452945 0.556026 0
v 0.430274 0.566276 0
v 0.40149 0.570074 0
v 0.336154 0.555856 0
v 0.312204 0.538422 0
v 0.293839 0.514557 0
v 0.293839 0.208531 0
v 0.312712 0.187881 0
v 0.336831 0.173324 0
v 0.402844 0.161814 0
v 0.454553 0.174255 0
v 0.489167 0.211578 0
v 0.515234 0.350711 0

f 804 773 772 
f 790 804 772 
f 789 790 772 
f 803 774 773 
f 804 803 773 
f 803 775 774 
f 802 776 775 
f 803 802 775 
f 801 777 776 
f 802 801 776 
f 801 778 777 
f 799 798 778 
f 800 799 778 
f 801 800 778 
f 780 779 778 
f 798 780 778 
f 798 781 780 
f 783 782 781 
f 797 783 781 
f 798 797 781 
f 794 784 783 
f 795 794 783 
f 796 795 783 
f 797 796 783 
f 793 785 784 
f 794 793 784 
f 792 786 785 
f 793 792 785 
f 791 787 786 
f 792 791 786 
f 791 788 787 
f 790 789 788 
f 791 790 788 

g o
v 0.034529 0.373053 0
v 0.057888 0.522935 0
v 0.127962 0.64218 0
v 0.239844 0.720125 0
v 0.388626 0.746107 0
v 0.537915 0.720125 0
v 0.649966 0.64218 0
v 0.720041 0.522935 0
v 0.743399 0.373053 0
v 0.743399 0.358835 0
v 0.720041 0.208531 0
v 0.649966 0.08937 0
v 0.538253 0.011679 0
v 0.38998 -0.014218 0
v 0.240183 0.011679 0
v 0.127962 0.08937 0
v 0.057888 0.208531 0
v 0.034529 0.358835 0
v 0.263372 0.358835 0
v 0.292146 0.214286 0
v 0.327143 0.177115 0
v 0.354465 0.165928 0
v 0.38998 0.161814 0
v 0.447529 0.175017 0
v 0.486121 0.214624 0
v 0.515234 0.358835 0
v 0.515234 0.373053 0
v 0.486121 0.516249 0
v 0.44719 0.556618 0
v 0.388626 0.570074 0
v 0.328739 0.555429 0
v 0.3082 0.538789 0
v 0.292146 0.515911 0
v 0.263372 0.373053 0

f 838 806 805 
f 822 838 805 
f 837 807 806 
f 838 837 806 
f 836 808 807 
f 837 836 807 
f 835 809 808 
f 836 835 808 
f 833 810 809 
f 834 833 809 
f 835 834 809 
f 832 811 810 
f 833 832 810 
f 832 812 811 
f 831 813 812 
f 832 831 812 
f 831 814 813 
f 830 815 814 
f 831 830 814 
f 829 816 815 
f 830 829 815 
f 829 817 816 
f 828 818 817 
f 829 828 817 
f 828 827 818 
f 826 819 818 
f 827 826 818 
f 826 825 819 
f 825 820 819 
f 825 824 820 
f 824 821 820 
f 824 823 821 
f 823 822 821 
f 823 838 822 

g n
v 0.275559 0.732566 0
v 0.28436 0.629655 0
v 0.373053 0.715301 0
v 0.49086 0.746107 0
v 0.586747 0.727827 0
v 0.659106 0.672986 0
v 0.704553 0.578368 0
v 0.719702 0.440758 0
v 0.719702 0 0
v 0.49086 0 0
v 0.49086 0.441435 0
v 0.485274 0.5011 0
v 0.468517 0.540623 0
v 0.441097 0.562712 0
v 0.403521 0.570074 0
v 0.337847 0.557211 0
v 0.2891 0.52065 0
v 0.2891 0 0
v 0.060934 0 0
v 0.060934 0.732566 0

f 858 840 839 
f 853 841 840 
f 854 853 840 
f 855 854 840 
f 858 855 840 
f 852 842 841 
f 853 852 841 
f 852 843 842 
f 851 844 843 
f 852 851 843 
f 851 845 844 
f 850 846 845 
f 851 850 845 
f 848 847 846 
f 849 848 846 
f 850 849 846 
f 857 856 855 
f 858 857 855 

g m
v 0.280298 0.732566 0
v 0.288422 0.635748 0
v 0.375423 0.717332 0
v 0.495599 0.746107 0
v 0.559242 0.738659 0
v 0.613406 0.716317 0
v 0.656737 0.678741 0
v 0.687881 0.625592 0
v 0.774882 0.714624 0
v 0.832515 0.738236 0
v 0.89912 0.746107 0
v 0.994668 0.726896 0
v 1.067366 0.669262 0
v 1.113321 0.571682 0
v 1.128639 0.432634 0
v 1.128639 0 0
v 0.89912 0 0
v 0.89912 0.432634 0
v 0.893619 0.4989 0
v 0.877116 0.540623 0
v 0.849611 0.562712 0
v 0.811104 0.570074 0
v 0.752539 0.558226 0
v 0.709546 0.525389 0
v 0.710223 0.505416 0
v 0.7109 0.488829 0
v 0.7109 0 0
v 0.482058 0 0
v 0.482058 0.432634 0
v 0.476642 0.499323 0
v 0.460393 0.540961 0
v 0.432803 0.562796 0
v 0.393365 0.570074 0
v 0.336831 0.558226 0
v 0.293839 0.525389 0
v 0.293839 0 0
v 0.064997 0 0
v 0.064997 0.732566 0

f 896 860 859 
f 891 861 860 
f 892 891 860 
f 893 892 860 
f 896 893 860 
f 890 862 861 
f 891 890 861 
f 889 863 862 
f 890 889 862 
f 889 864 863 
f 889 865 864 
f 889 866 865 
f 881 867 866 
f 882 881 866 
f 888 882 866 
f 889 888 866 
f 880 868 867 
f 881 880 867 
f 879 869 868 
f 880 879 868 
f 879 870 869 
f 878 871 870 
f 879 878 870 
f 878 872 871 
f 877 873 872 
f 878 877 872 
f 876 874 873 
f 877 876 873 
f 876 875 874 
f 888 883 882 
f 888 884 883 
f 887 885 884 
f 888 887 884 
f 887 886 885 
f 895 894 893 
f 896 895 893 

g l
v 0.304672 0 0
v 0.075152 0 0
v 0.075152 1.056195 0
v 0.304672 1.056195 0

f 900 898 897 
f 900 899 898 

g k
v 0.335139 0.291131 0
v 0.293839 0.291131 0
v 0.293839 0 0
v 0.064997 0 0
v 0.064997 1.056195 0
v 0.293839 1.056195 0
v 0.293839 0.463778 0
v 0.326337 0.463778 0
v 0.480704 0.732566 0
v 0.742722 0.732566 0
v 0.517265 0.402167 0
v 0.779959 0 0
v 0.519296 0 0

f 913 911 901 
f 908 902 901 
f 911 908 901 
f 908 907 902 
f 904 903 902 
f 907 904 902 
f 907 905 904 
f 907 906 905 
f 911 909 908 
f 911 910 909 
f 913 912 911 

g j
v 0.30738 0.732566 0
v 0.30738 -0.010156 0
v 0.289015 -0.131347 0
v 0.23392 -0.221395 0
v 0.146158 -0.277251 0
v 0.02979 -0.29587 0
v -0.024712 -0.293162 0
v -0.077861 -0.28436 0
v -0.068382 -0.111713 0
v -0.034868 -0.117806 0
v 0 -0.119838 0
v 0.033429 -0.112898 0
v 0.057888 -0.092079 0
v 0.072867 -0.057718 0
v 0.077861 -0.010156 0
v 0.077861 0.732566 0
v 0.303318 0.903182 0
v 0.073798 0.903182 0
v 0.073798 1.056195 0
v 0.303318 1.056195 0

f 929 915 914 
f 927 916 915 
f 928 927 915 
f 929 928 915 
f 926 917 916 
f 927 926 916 
f 926 918 917 
f 925 919 918 
f 926 925 918 
f 924 920 919 
f 925 924 919 
f 923 921 920 
f 924 923 920 
f 923 922 921 
f 932 931 930 
f 933 932 930 

g i
v 0.304672 0 0
v 0.075152 0 0
v 0.075152 0.732566 0
v 0.304672 0.732566 0
v 0.304672 0.902505 0
v 0.075152 0.902505 0
v 0.075152 1.056195 0
v 0.304672 1.056195 0

f 936 935 934 
f 937 936 934 
f 941 939 938 
f 941 940 939 

g h
v 0.287068 0.641842 0
v 0.367976 0.718687 0
v 0.473257 0.746107 0
v 0.574814 0.726303 0
v 0.651997 0.666892 0
v 0.700745 0.565843 0
v 0.716994 0.421124 0
v 0.716994 0 0
v 0.488152 0 0
v 0.488152 0.422478 0
v 0.482735 0.493399 0
v 0.466486 0.538253 0
v 0.439235 0.562119 0
v 0.400812 0.570074 0
v 0.333785 0.558903 0
v 0.287068 0.52742 0
v 0.287068 0 0
v 0.058226 0 0
v 0.058226 1.056195 0
v 0.287068 1.056195 0

f 955 943 942 
f 956 955 942 
f 957 956 942 
f 960 957 942 
f 961 960 942 
f 954 944 943 
f 955 954 943 
f 954 945 944 
f 953 946 945 
f 954 953 945 
f 953 947 946 
f 952 948 947 
f 953 952 947 
f 950 949 948 
f 951 950 948 
f 952 951 948 
f 959 958 957 
f 960 959 957 

g g
v 0.033852 0.364929 0
v 0.052556 0.519634 0
v 0.108666 0.641165 0
v 0.198798 0.719871 0
v 0.319567 0.746107 0
v 0.373731 0.739252 0
v 0.421124 0.718687 0
v 0.496953 0.641165 0
v 0.511848 0.732566 0
v 0.713609 0.732566 0
v 0.713609 0.008125 0
v 0.688812 -0.12043 0
v 0.614421 -0.216317 0
v 0.49653 -0.275982 0
v 0.341232 -0.29587 0
v 0.222072 -0.280298 0
v 0.102911 -0.238321 0
v 0.14218 -0.069059 0
v 0.236628 -0.101219 0
v 0.339878 -0.111713 0
v 0.403605 -0.104435 0
v 0.448544 -0.0826 0
v 0.475203 -0.045024 0
v 0.484089 0.009479 0
v 0.484089 0.066351 0
v 0.411984 0.006093 0
v 0.318213 -0.014218 0
v 0.198037 0.010833 0
v 0.108328 0.085985 0
v 0.052471 0.202268 0
v 0.033852 0.350711 0
v 0.262018 0.350711 0
v 0.288084 0.211578 0
v 0.31973 0.176325 0
v 0.344397 0.165716 0
v 0.376439 0.161814 0
v 0.44042 0.173324 0
v 0.484089 0.207854 0
v 0.484089 0.515911 0
v 0.440758 0.556195 0
v 0.377793 0.570074 0
v 0.327017 0.557049 0
v 0.305962 0.539117 0
v 0.289438 0.513541 0
v 0.262018 0.364929 0

f 1006 963 962 
f 993 1006 962 
f 992 993 962 
f 1005 964 963 
f 1006 1005 963 
f 1004 965 964 
f 1005 1004 964 
f 1003 966 965 
f 1004 1003 965 
f 1002 967 966 
f 1003 1002 966 
f 1002 968 967 
f 1002 969 968 
f 971 970 969 
f 1000 971 969 
f 1001 1000 969 
f 1002 1001 969 
f 1000 972 971 
f 985 973 972 
f 986 985 972 
f 999 986 972 
f 1000 999 972 
f 984 974 973 
f 985 984 973 
f 983 975 974 
f 984 983 974 
f 982 976 975 
f 983 982 975 
f 981 977 976 
f 982 981 976 
f 981 980 977 
f 980 978 977 
f 980 979 978 
f 997 987 986 
f 998 997 986 
f 999 998 986 
f 996 988 987 
f 997 996 987 
f 996 995 988 
f 995 989 988 
f 995 994 989 
f 994 990 989 
f 994 991 990 
f 994 993 991 
f 993 992 991 

g f
v 0.114421 0 0
v 0.114421 0.574137 0
v 0.008802 0.574137 0
v 0.008802 0.732566 0
v 0.114421 0.732566 0
v 0.114421 0.808395 0
v 0.133378 0.919854 0
v 0.190251 1.00237 0
v 0.281821 1.053402 0
v 0.404875 1.070413 0
v 0.458023 1.066689 0
v 0.517942 1.056195 0
v 0.501016 0.88761 0
v 0.46784 0.892688 0
v 0.433311 0.89438 0
v 0.395058 0.888795 0
v 0.36696 0.872038 0
v 0.349695 0.844956 0
v 0.34394 0.808395 0
v 0.34394 0.732566 0
v 0.488829 0.732566 0
v 0.488829 0.574137 0
v 0.34394 0.574137 0
v 0.34394 0 0

f 1030 1008 1007 
f 1029 1011 1008 
f 1030 1029 1008 
f 1010 1009 1008 
f 1011 1010 1008 
f 1026 1012 1011 
f 1029 1026 1011 
f 1024 1013 1012 
f 1025 1024 1012 
f 1026 1025 1012 
f 1024 1014 1013 
f 1023 1015 1014 
f 1024 1023 1014 
f 1022 1016 1015 
f 1023 1022 1015 
f 1021 1017 1016 
f 1022 1021 1016 
f 1020 1018 1017 
f 1021 1020 1017 
f 1020 1019 1018 
f 1028 1027 1026 
f 1029 1028 1026 

g e
v 0.38998 -0.014218 0
v 0.241452 0.011002 0
v 0.128978 0.086662 0
v 0.058142 0.200914 0
v 0.034529 0.341909 0
v 0.034529 0.367637 0
v 0.056787 0.519973 0
v 0.123561 0.641165 0
v 0.232481 0.72021 0
v 0.381178 0.746107 0
v 0.512779 0.723934 0
v 0.611036 0.657414 0
v 0.672224 0.552302 0
v 0.69262 0.414353 0
v 0.69262 0.294516 0
v 0.27285 0.294516 0
v 0.271496 0.290454 0
v 0.284868 0.238406 0
v 0.31415 0.19736 0
v 0.359513 0.170701 0
v 0.421124 0.161814 0
v 0.530467 0.172647 0
v 0.630332 0.207177 0
v 0.685173 0.067705 0
v 0.557888 0.009479 0
v 0.381178 0.570074 0
v 0.333531 0.561357 0
v 0.300271 0.535206 0
v 0.279705 0.49416 0
v 0.270142 0.440758 0
v 0.271496 0.437373 0
v 0.469194 0.437373 0
v 0.469194 0.454976 0
v 0.464201 0.504909 0
v 0.449221 0.540961 0
v 0.422224 0.562796 0

f 1055 1051 1031 
f 1050 1032 1031 
f 1051 1050 1031 
f 1050 1049 1032 
f 1049 1033 1032 
f 1049 1048 1033 
f 1048 1034 1033 
f 1048 1047 1034 
f 1047 1035 1034 
f 1046 1036 1035 
f 1047 1046 1035 
f 1060 1037 1036 
f 1061 1060 1036 
f 1046 1061 1036 
f 1059 1038 1037 
f 1060 1059 1037 
f 1058 1039 1038 
f 1059 1058 1038 
f 1057 1040 1039 
f 1058 1057 1039 
f 1066 1041 1040 
f 1056 1066 1040 
f 1057 1056 1040 
f 1065 1042 1041 
f 1066 1065 1041 
f 1064 1043 1042 
f 1065 1064 1042 
f 1063 1044 1043 
f 1064 1063 1043 
f 1062 1045 1044 
f 1063 1062 1044 
f 1062 1046 1045 
f 1062 1061 1046 
f 1055 1052 1051 
f 1054 1053 1052 
f 1055 1054 1052 

g d
v 0.034529 0.364929 0
v 0.053233 0.519634 0
v 0.109343 0.641165 0
v 0.199475 0.719871 0
v 0.320244 0.746107 0
v 0.411984 0.722749 0
v 0.485443 0.65606 0
v 0.485443 1.056195 0
v 0.714286 1.056195 0
v 0.714286 0 0
v 0.513879 0 0
v 0.498307 0.08937 0
v 0.420785 0.012525 0
v 0.373138 -0.007532 0
v 0.31889 -0.014218 0
v 0.198714 0.010833 0
v 0.109005 0.085985 0
v 0.053148 0.202268 0
v 0.034529 0.350711 0
v 0.263372 0.350711 0
v 0.289438 0.211578 0
v 0.322651 0.17527 0
v 0.347481 0.165178 0
v 0.377116 0.161814 0
v 0.44042 0.175017 0
v 0.485443 0.213947 0
v 0.485443 0.509817 0
v 0.440758 0.554502 0
v 0.37847 0.570074 0
v 0.327773 0.557127 0
v 0.306825 0.539302 0
v 0.290454 0.513879 0
v 0.263372 0.364929 0

f 1099 1068 1067 
f 1086 1099 1067 
f 1085 1086 1067 
f 1098 1069 1068 
f 1099 1098 1068 
f 1097 1070 1069 
f 1098 1097 1069 
f 1096 1071 1070 
f 1097 1096 1070 
f 1095 1072 1071 
f 1096 1095 1071 
f 1095 1073 1072 
f 1075 1074 1073 
f 1093 1075 1073 
f 1094 1093 1073 
f 1095 1094 1073 
f 1093 1076 1075 
f 1078 1077 1076 
f 1092 1078 1076 
f 1093 1092 1076 
f 1090 1079 1078 
f 1091 1090 1078 
f 1092 1091 1078 
f 1090 1080 1079 
f 1089 1081 1080 
f 1090 1089 1080 
f 1089 1088 1081 
f 1088 1082 1081 
f 1088 1087 1082 
f 1087 1083 1082 
f 1087 1084 1083 
f 1087 1086 1084 
f 1086 1085 1084 

g c
v 0.37847 0.161814 0
v 0.419262 0.168162 0
v 0.448206 0.187204 0
v 0.465471 0.218263 0
v 0.471225 0.260664 0
v 0.679756 0.260664 0
v 0.68111 0.256601 0
v 0.66173 0.14785 0
v 0.598172 0.061273 0
v 0.500423 0.004655 0
v 0.37847 -0.014218 0
v 0.23045 0.011594 0
v 0.120853 0.089032 0
v 0.053064 0.207938 0
v 0.030467 0.358158 0
v 0.030467 0.373731 0
v 0.052979 0.523527 0
v 0.120515 0.642519 0
v 0.229689 0.72021 0
v 0.377116 0.746107 0
v 0.502624 0.726726 0
v 0.600203 0.668585 0
v 0.662238 0.57676 0
v 0.68111 0.45633 0
v 0.679756 0.452268 0
v 0.471225 0.452268 0
v 0.465301 0.499577 0
v 0.447529 0.537238 0
v 0.418077 0.561865 0
v 0.377116 0.570074 0
v 0.319004 0.555703 0
v 0.299531 0.539376 0
v 0.284699 0.516926 0
v 0.258632 0.373731 0
v 0.258632 0.358158 0
v 0.284699 0.213947 0
v 0.315698 0.178163 0
v 0.34382 0.165902 0

f 1110 1101 1100 
f 1137 1110 1100 
f 1109 1102 1101 
f 1110 1109 1101 
f 1108 1103 1102 
f 1109 1108 1102 
f 1105 1104 1103 
f 1106 1105 1103 
f 1107 1106 1103 
f 1108 1107 1103 
f 1137 1111 1110 
f 1137 1136 1111 
f 1136 1112 1111 
f 1136 1135 1112 
f 1135 1113 1112 
f 1135 1134 1113 
f 1134 1114 1113 
f 1134 1115 1114 
f 1133 1116 1115 
f 1134 1133 1115 
f 1132 1117 1116 
f 1133 1132 1116 
f 1131 1118 1117 
f 1132 1131 1117 
f 1130 1119 1118 
f 1131 1130 1118 
f 1128 1120 1119 
f 1129 1128 1119 
f 1130 1129 1119 
f 1127 1121 1120 
f 1128 1127 1120 
f 1127 1122 1121 
f 1126 1123 1122 
f 1127 1126 1122 
f 1125 1124 1123 
f 1126 1125 1123 

g b
v 0.743399 0.350711 0
v 0.725457 0.200575 0
v 0.671632 0.084631 0
v 0.5826 0.010494 0
v 0.459039 -0.014218 0
v 0.354773 0.01151 0
v 0.278267 0.085985 0
v 0.264726 0 0
v 0.064997 0 0
v 0.064997 1.056195 0
v 0.293839 1.056195 0
v 0.293839 0.661476 0
v 0.36459 0.724103 0
v 0.457684 0.746107 0
v 0.581838 0.72021 0
v 0.671293 0.642519 0
v 0.725372 0.521327 0
v 0.743399 0.364929 0
v 0.515234 0.364929 0
v 0.49086 0.516249 0
v 0.461284 0.553195 0
v 0.434001 0.565855 0
v 0.400135 0.570074 0
v 0.336154 0.556195 0
v 0.312204 0.539184 0
v 0.293839 0.515911 0
v 0.293839 0.207854 0
v 0.312712 0.187712 0
v 0.336831 0.173324 0
v 0.40149 0.161814 0
v 0.461581 0.175536 0
v 0.478591 0.188993 0
v 0.492214 0.208869 0
v 0.515234 0.350711 0

f 1171 1139 1138 
f 1156 1171 1138 
f 1155 1156 1138 
f 1170 1140 1139 
f 1171 1170 1139 
f 1169 1141 1140 
f 1170 1169 1140 
f 1168 1142 1141 
f 1169 1168 1141 
f 1167 1143 1142 
f 1168 1167 1142 
f 1167 1144 1143 
f 1165 1164 1144 
f 1166 1165 1144 
f 1167 1166 1144 
f 1146 1145 1144 
f 1164 1146 1144 
f 1163 1147 1146 
f 1164 1163 1146 
f 1149 1148 1147 
f 1163 1149 1147 
f 1160 1150 1149 
f 1161 1160 1149 
f 1162 1161 1149 
f 1163 1162 1149 
f 1159 1151 1150 
f 1160 1159 1150 
f 1158 1152 1151 
f 1159 1158 1151 
f 1158 1153 1152 
f 1157 1154 1153 
f 1158 1157 1153 
f 1156 1155 1154 
f 1157 1156 1154 

g a
v 0.488152 0.000677 0
v 0.466148 0.05281 0
v 0.452268 0.113744 0
v 0.378808 0.02065 0
v 0.328453 -0.005501 0
v 0.264726 -0.014218 0
v 0.162407 0.000592 0
v 0.085647 0.045024 0
v 0.037661 0.115014 0
v 0.021666 0.2065 0
v 0.042146 0.303064 0
v 0.103588 0.374746 0
v 0.206669 0.419177 0
v 0.352065 0.433988 0
v 0.446175 0.433988 0
v 0.446175 0.486121 0
v 0.440589 0.52742 0
v 0.423832 0.557888 0
v 0.395565 0.576676 0
v 0.35545 0.582938 0
v 0.320667 0.578284 0
v 0.296209 0.56432 0
v 0.281737 0.540538 0
v 0.276913 0.506432 0
v 0.054841 0.507109 0
v 0.053487 0.511171 0
v 0.072021 0.603165 0
v 0.137102 0.678741 0
v 0.23959 0.729265 0
v 0.370345 0.746107 0
v 0.493483 0.729181 0
v 0.590724 0.678402 0
v 0.653944 0.596141 0
v 0.675017 0.484766 0
v 0.675017 0.208531 0
v 0.684834 0.100203 0
v 0.714286 0 0
v 0.327014 0.148951 0
v 0.366537 0.153859 0
v 0.401151 0.168585 0
v 0.428487 0.190081 0
v 0.446175 0.215301 0
v 0.446175 0.312119 0
v 0.354096 0.312119 0
v 0.306872 0.305518 0
v 0.274882 0.285714 0
v 0.256601 0.255755 0
v 0.250508 0.218687 0
v 0.25584 0.190504 0
v 0.271835 0.168246 0
v 0.296293 0.153775 0

f 1208 1207 1172 
f 1207 1173 1172 
f 1207 1174 1173 
f 1207 1206 1174 
f 1210 1175 1174 
f 1211 1210 1174 
f 1212 1211 1174 
f 1213 1212 1174 
f 1206 1213 1174 
f 1209 1176 1175 
f 1210 1209 1175 
f 1222 1177 1176 
f 1209 1222 1176 
f 1222 1221 1177 
f 1221 1178 1177 
f 1221 1179 1178 
f 1221 1220 1179 
f 1220 1180 1179 
f 1220 1181 1180 
f 1219 1182 1181 
f 1220 1219 1181 
f 1218 1183 1182 
f 1219 1218 1182 
f 1217 1184 1183 
f 1218 1217 1183 
f 1216 1185 1184 
f 1217 1216 1184 
f 1215 1186 1185 
f 1216 1215 1185 
f 1205 1187 1186 
f 1214 1205 1186 
f 1215 1214 1186 
f 1205 1204 1187 
f 1204 1188 1187 
f 1204 1203 1188 
f 1203 1189 1188 
f 1203 1202 1189 
f 1202 1190 1189 
f 1201 1191 1190 
f 1202 1201 1190 
f 1201 1192 1191 
f 1200 1193 1192 
f 1201 1200 1192 
f 1199 1194 1193 
f 1200 1199 1193 
f 1198 1195 1194 
f 1199 1198 1194 
f 1198 1196 1195 
f 1198 1197 1196 
f 1214 1206 1205 
f 1214 1213 1206 

g Z
v 0.316181 0.176032 0
v 0.72241 0.176032 0
v 0.72241 0 0
v 0.045362 0 0
v 0.045362 0.102911 0
v 0.443466 0.809749 0
v 0.043331 0.809749 0
v 0.043331 0.985782 0
v 0.716317 0.985782 0
v 0.716317 0.886933 0

f 1232 1228 1223 
f 1225 1224 1223 
f 1226 1225 1223 
f 1227 1226 1223 
f 1228 1227 1223 
f 1232 1231 1228 
f 1230 1229 1228 
f 1231 1230 1228 

g Y
v 0.440081 0.555179 0
v 0.444144 0.555179 0
v 0.640487 0.985782 0
v 0.888287 0.985782 0
v 0.553825 0.346649 0
v 0.553825 0 0
v 0.32566 0 0
v 0.32566 0.356804 0
v -0.003385 0.985782 0
v 0.244414 0.985782 0

f 1240 1234 1233 
f 1241 1240 1233 
f 1242 1241 1233 
f 1236 1235 1234 
f 1237 1236 1234 
f 1240 1237 1234 
f 1239 1238 1237 
f 1240 1239 1237 

g X
v 0.438727 0.653351 0
v 0.601219 0.985782 0
v 0.865267 0.985782 0
v 0.582938 0.496953 0
v 0.886933 0 0
v 0.609343 0 0
v 0.441435 0.339201 0
v 0.273527 0 0
v 0.009479 0 0
v 0.299255 0.496953 0
v 0.016926 0.985782 0
v 0.278944 0.985782 0

f 1246 1244 1243 
f 1252 1246 1243 
f 1254 1252 1243 
f 1246 1245 1244 
f 1248 1247 1246 
f 1249 1248 1246 
f 1252 1249 1246 
f 1252 1250 1249 
f 1252 1251 1250 
f 1254 1253 1252 

g W
v 0.871361 0.346649 0
v 0.875423 0.346649 0
v 0.994584 0.985782 0
v 1.226134 0.985782 0
v 1 0 0
v 0.784699 0 0
v 0.618822 0.608666 0
v 0.61476 0.608666 0
v 0.450237 0 0
v 0.234936 0 0
v 0.008125 0.985782 0
v 0.240352 0.985782 0
v 0.359513 0.345972 0
v 0.363575 0.345295 0
v 0.530806 0.985782 0
v 0.703453 0.985782 0

f 1260 1256 1255 
f 1261 1260 1255 
f 1270 1261 1255 
f 1258 1257 1256 
f 1259 1258 1256 
f 1260 1259 1256 
f 1269 1262 1261 
f 1270 1269 1261 
f 1268 1263 1262 
f 1269 1268 1262 
f 1268 1264 1263 
f 1268 1267 1264 
f 1267 1265 1264 
f 1267 1266 1265 

g V
v 0.431957 0.267434 0
v 0.438727 0.23155 0
v 0.442789 0.23155 0
v 0.44956 0.264726 0
v 0.645227 0.985782 0
v 0.884902 0.985782 0
v 0.565335 0 0
v 0.318213 0 0
v 0 0.985782 0
v 0.238998 0.985782 0

f 1278 1272 1271 
f 1279 1278 1271 
f 1280 1279 1271 
f 1278 1273 1272 
f 1277 1274 1273 
f 1278 1277 1273 
f 1276 1275 1274 
f 1277 1276 1274 

g U
v 0.886256 0.985782 0
v 0.886256 0.346649 0
v 0.858158 0.195752 0
v 0.773866 0.081584 0
v 0.644381 0.009733 0
v 0.480704 -0.014218 0
v 0.315843 0.009733 0
v 0.185511 0.081584 0
v 0.100711 0.195752 0
v 0.072444 0.346649 0
v 0.072444 0.985782 0
v 0.301963 0.985782 0
v 0.301963 0.346649 0
v 0.313812 0.266418 0
v 0.349357 0.208531 0
v 0.40589 0.173494 0
v 0.480704 0.161814 0
v 0.554756 0.173409 0
v 0.610359 0.208192 0
v 0.645142 0.265995 0
v 0.656737 0.346649 0
v 0.656737 0.985782 0

f 1301 1282 1281 
f 1302 1301 1281 
f 1301 1283 1282 
f 1300 1284 1283 
f 1301 1300 1283 
f 1299 1285 1284 
f 1300 1299 1284 
f 1298 1286 1285 
f 1299 1298 1285 
f 1298 1297 1286 
f 1296 1287 1286 
f 1297 1296 1286 
f 1296 1295 1287 
f 1295 1288 1287 
f 1295 1294 1288 
f 1294 1289 1288 
f 1294 1293 1289 
f 1293 1290 1289 
f 1292 1291 1290 
f 1293 1292 1290 

g T
v 0.764387 0.809749 0
v 0.503724 0.809749 0
v 0.503724 0 0
v 0.274882 0 0
v 0.274882 0.809749 0
v 0.018957 0.809749 0
v 0.018957 0.985782 0
v 0.764387 0.985782 0

f 1310 1304 1303 
f 1307 1305 1304 
f 1309 1307 1304 
f 1310 1309 1304 
f 1307 1306 1305 
f 1309 1308 1307 

g S
v 0.587001 0.261341 0
v 0.578368 0.307972 0
v 0.552471 0.342248 0
v 0.427217 0.402167 0
v 0.154705 0.529113 0
v 0.087932 0.61129 0
v 0.065674 0.723087 0
v 0.091571 0.835139 0
v 0.169262 0.923494 0
v 0.286899 0.980873 0
v 0.432634 1 0
v 0.5848 0.980281 0
v 0.70413 0.921124 0
v 0.780467 0.826083 0
v 0.803656 0.698714 0
v 0.802302 0.694651 0
v 0.58023 0.694651 0
v 0.570752 0.754824 0
v 0.542316 0.79587 0
v 0.494753 0.819482 0
v 0.427894 0.827353 0
v 0.372207 0.819736 0
v 0.329722 0.796886 0
v 0.30281 0.762864 0
v 0.293839 0.721733 0
v 0.303064 0.682718 0
v 0.330738 0.652336 0
v 0.468517 0.587001 0
v 0.727827 0.463101 0
v 0.793839 0.376439 0
v 0.815843 0.262695 0
v 0.790454 0.146835 0
v 0.714286 0.059242 0
v 0.596141 0.004147 0
v 0.444821 -0.014218 0
v 0.290369 0.005501 0
v 0.161476 0.064658 0
v 0.075237 0.166131 0
v 0.048747 0.312796 0
v 0.050102 0.316858 0
v 0.27285 0.316858 0
v 0.283429 0.243314 0
v 0.315166 0.194651 0
v 0.368737 0.167485 0
v 0.444821 0.158429 0
v 0.507448 0.165538 0
v 0.551794 0.186865 0
v 0.578199 0.219702 0

f 1341 1340 1311 
f 1342 1341 1311 
f 1358 1342 1311 
f 1340 1312 1311 
f 1340 1339 1312 
f 1339 1313 1312 
f 1338 1314 1313 
f 1339 1338 1313 
f 1337 1315 1314 
f 1338 1337 1314 
f 1337 1336 1315 
f 1336 1316 1315 
f 1336 1335 1316 
f 1335 1317 1316 
f 1335 1318 1317 
f 1334 1319 1318 
f 1335 1334 1318 
f 1333 1320 1319 
f 1334 1333 1319 
f 1332 1321 1320 
f 1333 1332 1320 
f 1330 1322 1321 
f 1331 1330 1321 
f 1332 1331 1321 
f 1329 1323 1322 
f 1330 1329 1322 
f 1328 1324 1323 
f 1329 1328 1323 
f 1328 1325 1324 
f 1327 1326 1325 
f 1328 1327 1325 
f 1358 1343 1342 
f 1357 1344 1343 
f 1358 1357 1343 
f 1356 1345 1344 
f 1357 1356 1344 
f 1356 1355 1345 
f 1354 1346 1345 
f 1355 1354 1345 
f 1354 1353 1346 
f 1353 1347 1346 
f 1353 1352 1347 
f 1352 1348 1347 
f 1352 1349 1348 
f 1351 1350 1349 
f 1352 1351 1349 

g R
v 0.30738 0.377793 0
v 0.30738 0 0
v 0.078538 0 0
v 0.078538 0.985782 0
v 0.421801 0.985782 0
v 0.575322 0.965978 0
v 0.693297 0.906567 0
v 0.76845 0.812796 0
v 0.7935 0.689912 0
v 0.783429 0.618822 0
v 0.753216 0.558565 0
v 0.634394 0.469194 0
v 0.712339 0.434919 0
v 0.764726 0.383548 0
v 0.794431 0.316266 0
v 0.804333 0.234259 0
v 0.804333 0.17197 0
v 0.815843 0.083954 0
v 0.831584 0.041638 0
v 0.855789 0.013541 0
v 0.855789 0 0
v 0.619499 0 0
v 0.597156 0.028944 0
v 0.584292 0.073798 0
v 0.576168 0.173324 0
v 0.576168 0.232905 0
v 0.566858 0.295024 0
v 0.53893 0.340555 0
v 0.49306 0.368483 0
v 0.429926 0.377793 0
v 0.30738 0.553825 0
v 0.423155 0.553825 0
v 0.484089 0.561696 0
v 0.528775 0.585308 0
v 0.556195 0.623646 0
v 0.565335 0.675694 0
v 0.555941 0.730112 0
v 0.527759 0.77285 0
v 0.482481 0.800525 0
v 0.421801 0.809749 0
v 0.30738 0.809749 0

f 1390 1389 1359 
f 1388 1390 1359 
f 1361 1360 1359 
f 1389 1361 1359 
f 1389 1362 1361 
f 1399 1363 1362 
f 1389 1399 1362 
f 1397 1364 1363 
f 1398 1397 1363 
f 1399 1398 1363 
f 1396 1365 1364 
f 1397 1396 1364 
f 1395 1366 1365 
f 1396 1395 1365 
f 1395 1367 1366 
f 1394 1368 1367 
f 1395 1394 1367 
f 1394 1369 1368 
f 1393 1370 1369 
f 1394 1393 1369 
f 1385 1371 1370 
f 1386 1385 1370 
f 1387 1386 1370 
f 1391 1387 1370 
f 1392 1391 1370 
f 1393 1392 1370 
f 1385 1372 1371 
f 1385 1373 1372 
f 1384 1374 1373 
f 1385 1384 1373 
f 1384 1375 1374 
f 1382 1376 1375 
f 1383 1382 1375 
f 1384 1383 1375 
f 1380 1377 1376 
f 1382 1380 1376 
f 1379 1378 1377 
f 1380 1379 1377 
f 1382 1381 1380 
f 1391 1388 1387 
f 1391 1390 1388 

g Q
v 0.897766 0.404198 0
v 0.878131 0.267773 0
v 0.821936 0.151659 0
v 0.969533 0.001354 0
v 0.822613 -0.111713 0
v 0.680433 0.030467 0
v 0.586324 -0.003047 0
v 0.480704 -0.014218 0
v 0.310934 0.015318 0
v 0.17671 0.103927 0
v 0.08937 0.238067 0
v 0.060257 0.404198 0
v 0.060257 0.581584 0
v 0.089286 0.747292 0
v 0.176371 0.881517 0
v 0.310173 0.970379 0
v 0.47935 1 0
v 0.647596 0.970379 0
v 0.781313 0.881517 0
v 0.868653 0.747292 0
v 0.897766 0.581584 0
v 0.669601 0.582938 0
v 0.65716 0.679079 0
v 0.619838 0.756263 0
v 0.559834 0.807041 0
v 0.47935 0.823967 0
v 0.397512 0.807126 0
v 0.337508 0.756601 0
v 0.300694 0.679502 0
v 0.288422 0.582938 0
v 0.288422 0.404198 0
v 0.300863 0.307041 0
v 0.338186 0.229519 0
v 0.398697 0.178741 0
v 0.480704 0.161814 0
v 0.560596 0.178741 0
v 0.620176 0.229519 0
v 0.657244 0.307041 0
v 0.669601 0.404198 0

f 1438 1401 1400 
f 1420 1438 1400 
f 1437 1402 1401 
f 1438 1437 1401 
f 1404 1403 1402 
f 1405 1404 1402 
f 1436 1405 1402 
f 1437 1436 1402 
f 1435 1406 1405 
f 1436 1435 1405 
f 1434 1407 1406 
f 1435 1434 1406 
f 1433 1408 1407 
f 1434 1433 1407 
f 1433 1432 1408 
f 1432 1409 1408 
f 1432 1431 1409 
f 1431 1410 1409 
f 1431 1411 1410 
f 1430 1412 1411 
f 1431 1430 1411 
f 1428 1413 1412 
f 1429 1428 1412 
f 1430 1429 1412 
f 1428 1414 1413 
f 1427 1415 1414 
f 1428 1427 1414 
f 1426 1416 1415 
f 1427 1426 1415 
f 1424 1417 1416 
f 1425 1424 1416 
f 1426 1425 1416 
f 1423 1418 1417 
f 1424 1423 1417 
f 1422 1419 1418 
f 1423 1422 1418 
f 1422 1420 1419 
f 1421 1438 1420 
f 1422 1421 1420 

g P
v 0.30738 0.337847 0
v 0.30738 0 0
v 0.078538 0 0
v 0.078538 0.985782 0
v 0.454976 0.985782 0
v 0.612221 0.963439 0
v 0.733243 0.896412 0
v 0.810427 0.792993 0
v 0.836154 0.661476 0
v 0.810427 0.530044 0
v 0.733243 0.426879 0
v 0.612221 0.360105 0
v 0.454976 0.337847 0
v 0.30738 0.513879 0
v 0.454976 0.513879 0
v 0.52065 0.52412 0
v 0.56872 0.554841 0
v 0.598172 0.601642 0
v 0.607989 0.660122 0
v 0.598257 0.719871 0
v 0.569059 0.767772 0
v 0.521073 0.799255 0
v 0.454976 0.809749 0
v 0.30738 0.809749 0

f 1451 1452 1439 
f 1441 1440 1439 
f 1452 1441 1439 
f 1452 1442 1441 
f 1462 1443 1442 
f 1452 1462 1442 
f 1460 1444 1443 
f 1461 1460 1443 
f 1462 1461 1443 
f 1459 1445 1444 
f 1460 1459 1444 
f 1458 1446 1445 
f 1459 1458 1445 
f 1457 1447 1446 
f 1458 1457 1446 
f 1457 1448 1447 
f 1456 1449 1448 
f 1457 1456 1448 
f 1455 1450 1449 
f 1456 1455 1449 
f 1454 1451 1450 
f 1455 1454 1450 
f 1454 1453 1451 
f 1453 1452 1451 

g O
v 0.897766 0.404198 0
v 0.868907 0.238067 0
v 0.782329 0.103927 0
v 0.649204 0.015318 0
v 0.480704 -0.014218 0
v 0.310934 0.015318 0
v 0.17671 0.103927 0
v 0.08937 0.238067 0
v 0.060257 0.404198 0
v 0.060257 0.581584 0
v 0.089286 0.747292 0
v 0.176371 0.881517 0
v 0.310173 0.970379 0
v 0.47935 1 0
v 0.647596 0.970379 0
v 0.781313 0.881517 0
v 0.868653 0.747292 0
v 0.897766 0.581584 0
v 0.669601 0.582938 0
v 0.65716 0.679079 0
v 0.619838 0.756263 0
v 0.559834 0.807041 0
v 0.47935 0.823967 0
v 0.397512 0.807126 0
v 0.337508 0.756601 0
v 0.300694 0.679502 0
v 0.288422 0.582938 0
v 0.288422 0.404198 0
v 0.300863 0.307041 0
v 0.338186 0.229519 0
v 0.398697 0.178741 0
v 0.480704 0.161814 0
v 0.560596 0.178741 0
v 0.620176 0.229519 0
v 0.657244 0.307041 0
v 0.669601 0.404198 0

f 1497 1464 1463 
f 1498 1497 1463 
f 1480 1498 1463 
f 1497 1465 1464 
f 1496 1466 1465 
f 1497 1496 1465 
f 1495 1467 1466 
f 1496 1495 1466 
f 1495 1494 1467 
f 1493 1468 1467 
f 1494 1493 1467 
f 1493 1492 1468 
f 1492 1469 1468 
f 1492 1491 1469 
f 1491 1470 1469 
f 1491 1471 1470 
f 1490 1472 1471 
f 1491 1490 1471 
f 1488 1473 1472 
f 1489 1488 1472 
f 1490 1489 1472 
f 1488 1474 1473 
f 1487 1475 1474 
f 1488 1487 1474 
f 1486 1476 1475 
f 1487 1486 1475 
f 1484 1477 1476 
f 1485 1484 1476 
f 1486 1485 1476 
f 1483 1478 1477 
f 1484 1483 1477 
f 1482 1479 1478 
f 1483 1482 1478 
f 1482 1480 1479 
f 1481 1498 1480 
f 1482 1481 1480 

g N
v 0.900474 0 0
v 0.672309 0 0
v 0.311442 0.620176 0
v 0.30738 0.618822 0
v 0.30738 0 0
v 0.078538 0 0
v 0.078538 0.985782 0
v 0.30738 0.985782 0
v 0.668246 0.366283 0
v 0.672309 0.367637 0
v 0.672309 0.985782 0
v 0.900474 0.985782 0

f 1508 1500 1499 
f 1510 1508 1499 
f 1507 1501 1500 
f 1508 1507 1500 
f 1506 1502 1501 
f 1507 1506 1501 
f 1504 1503 1502 
f 1505 1504 1502 
f 1506 1505 1502 
f 1510 1509 1508 

g M
v 0.599188 0.29587 0
v 0.60325 0.29587 0
v 0.825999 0.985782 0
v 1.128639 0.985782 0
v 1.128639 0 0
v 0.899797 0 0
v 0.899797 0.635071 0
v 0.895735 0.635748 0
v 0.678402 0 0
v 0.524712 0 0
v 0.311442 0.626269 0
v 0.30738 0.625592 0
v 0.30738 0 0
v 0.078538 0 0
v 0.078538 0.985782 0
v 0.37847 0.985782 0

f 1520 1512 1511 
f 1521 1520 1511 
f 1526 1521 1511 
f 1518 1513 1512 
f 1519 1518 1512 
f 1520 1519 1512 
f 1517 1514 1513 
f 1518 1517 1513 
f 1517 1515 1514 
f 1517 1516 1515 
f 1526 1522 1521 
f 1524 1523 1522 
f 1525 1524 1522 
f 1526 1525 1522 

g L
v 0.30738 0.176032 0
v 0.730535 0.176032 0
v 0.730535 0 0
v 0.078538 0 0
v 0.078538 0.985782 0
v 0.30738 0.985782 0

f 1529 1528 1527 
f 1530 1529 1527 
f 1531 1530 1527 
f 1532 1531 1527 

g K
v 0.371022 0.395396 0
v 0.30738 0.395396 0
v 0.30738 0 0
v 0.078538 0 0
v 0.078538 0.985782 0
v 0.30738 0.985782 0
v 0.30738 0.599865 0
v 0.354773 0.599865 0
v 0.577522 0.985782 0
v 0.865267 0.985782 0
v 0.555179 0.537576 0
v 0.891672 0 0
v 0.597833 0 0

f 1545 1543 1533 
f 1540 1534 1533 
f 1543 1540 1533 
f 1540 1539 1534 
f 1536 1535 1534 
f 1537 1536 1534 
f 1539 1537 1534 
f 1539 1538 1537 
f 1543 1541 1540 
f 1543 1542 1541 
f 1545 1544 1543 

g J
v 0.468517 0.985782 0
v 0.69736 0.985782 0
v 0.69736 0.316181 0
v 0.674171 0.180518 0
v 0.604604 0.075491 0
v 0.498815 0.008209 0
v 0.36696 -0.014218 0
v 0.217756 0.005755 0
v 0.10325 0.065674 0
v 0.031229 0.163676 0
v 0.009479 0.297901 0
v 0.01151 0.301963 0
v 0.234936 0.301963 0
v 0.244076 0.239167 0
v 0.271496 0.195667 0
v 0.313643 0.170278 0
v 0.36696 0.161814 0
v 0.407583 0.172055 0
v 0.440081 0.202776 0
v 0.461408 0.251608 0
v 0.468517 0.316181 0

f 1548 1547 1546 
f 1566 1548 1546 
f 1565 1549 1548 
f 1566 1565 1548 
f 1565 1550 1549 
f 1564 1551 1550 
f 1565 1564 1550 
f 1563 1552 1551 
f 1564 1563 1551 
f 1563 1562 1552 
f 1561 1553 1552 
f 1562 1561 1552 
f 1561 1560 1553 
f 1560 1554 1553 
f 1560 1559 1554 
f 1559 1555 1554 
f 1557 1556 1555 
f 1559 1557 1555 
f 1559 1558 1557 

g I
v 0.320921 0 0
v 0.092756 0 0
v 0.092756 0.985782 0
v 0.320921 0.985782 0

f 1569 1568 1567 
f 1570 1569 1567 

g H
v 0.900474 0 0
v 0.672309 0 0
v 0.672309 0.39675 0
v 0.30738 0.39675 0
v 0.30738 0 0
v 0.078538 0 0
v 0.078538 0.985782 0
v 0.30738 0.985782 0
v 0.30738 0.572783 0
v 0.672309 0.572783 0
v 0.672309 0.985782 0
v 0.900474 0.985782 0

f 1573 1572 1571 
f 1580 1573 1571 
f 1582 1580 1571 
f 1579 1574 1573 
f 1580 1579 1573 
f 1576 1575 1574 
f 1579 1576 1574 
f 1579 1577 1576 
f 1579 1578 1577 
f 1582 1581 1580 

g G
v 0.857143 0.136087 0
v 0.712255 0.02979 0
v 0.471903 -0.014218 0
v 0.305687 0.013879 0
v 0.174001 0.098172 0
v 0.088186 0.227319 0
v 0.05958 0.38998 0
v 0.05958 0.595802 0
v 0.087424 0.757617 0
v 0.170955 0.886933 0
v 0.298324 0.971733 0
v 0.457684 1 0
v 0.623477 0.978927 0
v 0.74306 0.915707 0
v 0.814573 0.815928 0
v 0.836154 0.685173 0
v 0.8348 0.68111 0
v 0.620176 0.68111 0
v 0.610528 0.744245 0
v 0.581584 0.788761 0
v 0.533175 0.815166 0
v 0.465132 0.823967 0
v 0.393026 0.808226 0
v 0.336493 0.761002 0
v 0.299932 0.688558 0
v 0.287745 0.597156 0
v 0.287745 0.38998 0
v 0.299848 0.297139 0
v 0.336154 0.224441 0
v 0.394296 0.177471 0
v 0.471903 0.161814 0
v 0.57109 0.17197 0
v 0.628301 0.199052 0
v 0.628301 0.375085 0
v 0.453622 0.375085 0
v 0.453622 0.526743 0
v 0.857143 0.526743 0

f 1615 1584 1583 
f 1616 1615 1583 
f 1619 1616 1583 
f 1614 1585 1584 
f 1615 1614 1584 
f 1614 1613 1585 
f 1612 1586 1585 
f 1613 1612 1585 
f 1612 1611 1586 
f 1611 1587 1586 
f 1611 1610 1587 
f 1610 1588 1587 
f 1610 1589 1588 
f 1609 1590 1589 
f 1610 1609 1589 
f 1607 1591 1590 
f 1608 1607 1590 
f 1609 1608 1590 
f 1607 1592 1591 
f 1606 1593 1592 
f 1607 1606 1592 
f 1605 1594 1593 
f 1606 1605 1593 
f 1603 1595 1594 
f 1604 1603 1594 
f 1605 1604 1594 
f 1602 1596 1595 
f 1603 1602 1595 
f 1601 1597 1596 
f 1602 1601 1596 
f 1601 1598 1597 
f 1600 1599 1598 
f 1601 1600 1598 
f 1618 1617 1616 
f 1619 1618 1616 

g F
v 0.668246 0.39675 0
v 0.30738 0.39675 0
v 0.30738 0 0
v 0.078538 0 0
v 0.078538 0.985782 0
v 0.737305 0.985782 0
v 0.737305 0.809749 0
v 0.30738 0.809749 0
v 0.30738 0.572783 0
v 0.668246 0.572783 0

f 1628 1621 1620 
f 1629 1628 1620 
f 1623 1622 1621 
f 1628 1623 1621 
f 1628 1624 1623 
f 1627 1625 1624 
f 1628 1627 1624 
f 1627 1626 1625 

g E
v 0.654705 0.421801 0
v 0.30738 0.421801 0
v 0.30738 0.176032 0
v 0.723764 0.176032 0
v 0.723764 0 0
v 0.078538 0 0
v 0.078538 0.985782 0
v 0.724441 0.985782 0
v 0.724441 0.809749 0
v 0.30738 0.809749 0
v 0.30738 0.597833 0
v 0.654705 0.597833 0

f 1640 1631 1630 
f 1641 1640 1630 
f 1635 1632 1631 
f 1636 1635 1631 
f 1640 1636 1631 
f 1634 1633 1632 
f 1635 1634 1632 
f 1639 1637 1636 
f 1640 1639 1636 
f 1639 1638 1637 

g D
v 0.078538 0 0
v 0.078538 0.985782 0
v 0.439404 0.985782 0
v 0.599188 0.957431 0
v 0.730535 0.872376 0
v 0.818382 0.742976 0
v 0.847664 0.581584 0
v 0.847664 0.404198 0
v 0.818382 0.242383 0
v 0.730535 0.113067 0
v 0.599188 0.028267 0
v 0.439404 0 0
v 0.30738 0.809749 0
v 0.30738 0.176032 0
v 0.439404 0.176032 0
v 0.51041 0.191943 0
v 0.567705 0.239675 0
v 0.605535 0.312627 0
v 0.618145 0.404198 0
v 0.618145 0.582938 0
v 0.605535 0.673494 0
v 0.567705 0.746107 0
v 0.51041 0.793839 0
v 0.439404 0.809749 0

f 1654 1643 1642 
f 1655 1654 1642 
f 1653 1655 1642 
f 1654 1644 1643 
f 1664 1645 1644 
f 1665 1664 1644 
f 1654 1665 1644 
f 1663 1646 1645 
f 1664 1663 1645 
f 1662 1647 1646 
f 1663 1662 1646 
f 1661 1648 1647 
f 1662 1661 1647 
f 1660 1649 1648 
f 1661 1660 1648 
f 1659 1650 1649 
f 1660 1659 1649 
f 1659 1651 1650 
f 1658 1652 1651 
f 1659 1658 1651 
f 1657 1653 1652 
f 1658 1657 1652 
f 1657 1656 1653 
f 1656 1655 1653 

g C
v 0.835477 0.332431 0
v 0.836831 0.328368 0
v 0.814404 0.180179 0
v 0.741706 0.072783 0
v 0.623477 0.007532 0
v 0.464455 -0.014218 0
v 0.299678 0.01371 0
v 0.170955 0.097495 0
v 0.087932 0.226473 0
v 0.060257 0.38998 0
v 0.060257 0.595802 0
v 0.086916 0.758886 0
v 0.166892 0.887949 0
v 0.290708 0.971987 0
v 0.448883 1 0
v 0.615183 0.978165 0
v 0.738998 0.912661 0
v 0.815251 0.805518 0
v 0.838863 0.658768 0
v 0.836831 0.654705 0
v 0.614083 0.654705 0
v 0.604435 0.732566 0
v 0.575491 0.784699 0
v 0.524543 0.81415 0
v 0.448883 0.823967 0
v 0.38067 0.80848 0
v 0.330399 0.762018 0
v 0.299425 0.689827 0
v 0.2891 0.597156 0
v 0.2891 0.38998 0
v 0.30044 0.296716 0
v 0.334462 0.224103 0
v 0.389641 0.177387 0
v 0.464455 0.161814 0
v 0.532075 0.171632 0
v 0.577861 0.201083 0
v 0.604012 0.253554 0
v 0.612729 0.332431 0

f 1703 1667 1666 
f 1702 1668 1667 
f 1703 1702 1667 
f 1702 1669 1668 
f 1701 1670 1669 
f 1702 1701 1669 
f 1700 1671 1670 
f 1701 1700 1670 
f 1700 1699 1671 
f 1698 1672 1671 
f 1699 1698 1671 
f 1698 1697 1672 
f 1697 1673 1672 
f 1697 1696 1673 
f 1696 1674 1673 
f 1696 1675 1674 
f 1695 1676 1675 
f 1696 1695 1675 
f 1693 1677 1676 
f 1694 1693 1676 
f 1695 1694 1676 
f 1692 1678 1677 
f 1693 1692 1677 
f 1692 1679 1678 
f 1691 1680 1679 
f 1692 1691 1679 
f 1689 1681 1680 
f 1690 1689 1680 
f 1691 1690 1680 
f 1688 1682 1681 
f 1689 1688 1681 
f 1687 1683 1682 
f 1688 1687 1682 
f 1687 1684 1683 
f 1687 1685 1684 
f 1687 1686 1685 

g B
v 0.078538 0 0
v 0.078538 0.985782 0
v 0.40149 0.985782 0
v 0.564743 0.968771 0
v 0.687542 0.917739 0
v 0.764472 0.833023 0
v 0.790115 0.714963 0
v 0.781991 0.648527 0
v 0.757617 0.590047 0
v 0.715978 0.542231 0
v 0.65606 0.507786 0
v 0.732651 0.478673 0
v 0.786391 0.429248 0
v 0.818128 0.365098 0
v 0.828707 0.291808 0
v 0.804502 0.1652 0
v 0.731889 0.073798 0
v 0.614083 0.01845 0
v 0.454299 0 0
v 0.30738 0.423155 0
v 0.30738 0.176032 0
v 0.454299 0.176032 0
v 0.51828 0.183226 0
v 0.563981 0.204807 0
v 0.591401 0.241283 0
v 0.600542 0.293162 0
v 0.592502 0.34851 0
v 0.568382 0.388626 0
v 0.525812 0.413507 0
v 0.462424 0.423155 0
v 0.454976 0.423155 0
v 0.30738 0.574814 0
v 0.397427 0.574814 0
v 0.469533 0.582007 0
v 0.52065 0.603588 0
v 0.551117 0.639387 0
v 0.561273 0.689235 0
v 0.551456 0.743653 0
v 0.522004 0.780975 0
v 0.472241 0.802556 0
v 0.40149 0.809749 0
v 0.30738 0.809749 0

f 1723 1705 1704 
f 1724 1723 1704 
f 1722 1724 1704 
f 1745 1706 1705 
f 1735 1745 1705 
f 1723 1735 1705 
f 1743 1707 1706 
f 1744 1743 1706 
f 1745 1744 1706 
f 1742 1708 1707 
f 1743 1742 1707 
f 1741 1709 1708 
f 1742 1741 1708 
f 1741 1710 1709 
f 1740 1711 1710 
f 1741 1740 1710 
f 1740 1712 1711 
f 1739 1713 1712 
f 1740 1739 1712 
f 1739 1714 1713 
f 1730 1715 1714 
f 1731 1730 1714 
f 1732 1731 1714 
f 1738 1732 1714 
f 1739 1738 1714 
f 1730 1716 1715 
f 1730 1717 1716 
f 1729 1718 1717 
f 1730 1729 1717 
f 1729 1719 1718 
f 1728 1720 1719 
f 1729 1728 1719 
f 1727 1721 1720 
f 1728 1727 1720 
f 1726 1722 1721 
f 1727 1726 1721 
f 1726 1725 1722 
f 1725 1724 1722 
f 1723 1736 1735 
f 1734 1737 1736 
f 1723 1734 1736 
f 1732 1738 1737 
f 1733 1732 1737 
f 1734 1733 1737 

g A
v 0.594448 0.191605 0
v 0.301286 0.191605 0
v 0.244414 0 0
v 0.003385 0 0
v 0.324983 0.985782 0
v 0.447529 0.985782 0
v 0.447529 0.985105 0
v 0.448206 0.985782 0
v 0.570752 0.985782 0
v 0.893026 0 0
v 0.651997 0 0
v 0.354096 0.367637 0
v 0.541638 0.367637 0
v 0.44956 0.673663 0
v 0.445498 0.673663 0

f 1756 1755 1746 
f 1757 1747 1746 
f 1758 1757 1746 
f 1755 1758 1746 
f 1749 1748 1747 
f 1757 1749 1747 
f 1757 1750 1749 
f 1752 1751 1750 
f 1760 1752 1750 
f 1757 1760 1750 
f 1754 1753 1752 
f 1759 1754 1752 
f 1760 1759 1752 
f 1758 1755 1754 
f 1759 1758 1754 

