# WaveFront *.obj file (generated by CINEMA 4D)

g Icon=1.0
v 1 0.725 0
v 0.998694 0.752053 0
v 0.994855 0.778351 0
v 0.988606 0.803774 0
v 0.980067 0.828199 0
v 0.969359 0.851506 0
v 0.956605 0.873573 0
v 0.941924 0.89428 0
v 0.925438 0.913504 0
v 0.907268 0.931126 0
v 0.887536 0.947024 0
v 0.866362 0.961076 0
v 0.843868 0.973162 0
v 0.820175 0.98316 0
v 0.795404 0.990949 0
v 0.769676 0.996408 0
v 0.752053 0.998694 0
v 0.725 1 0
v 0.275 1 0
v 0.247947 0.998694 0
v 0.221649 0.994855 0
v 0.196226 0.988606 0
v 0.171801 0.980067 0
v 0.148495 0.969359 0
v 0.126427 0.956605 0
v 0.10572 0.941924 0
v 0.086496 0.925438 0
v 0.068874 0.907268 0
v 0.052976 0.887536 0
v 0.038924 0.866362 0
v 0.026838 0.843868 0
v 0.01684 0.820175 0
v 0.009051 0.795404 0
v 0.003592 0.769676 0
v 0.001306 0.752053 0
v 0 0.725 0
v 0.043395 0.126427 0
v 0.058076 0.10572 0
v 0.275 0 0
v 0.725 0 0
v 0.752053 0.001306 0
v 0.778351 0.005145 0
v 0.803774 0.011394 0
v 0.828199 0.019933 0
v 0.851506 0.030641 0
v 0.873573 0.043395 0
v 0.89428 0.058076 0
v 0.913504 0.074562 0
v 0.931126 0.092732 0
v 0.947024 0.112464 0
v 0.961076 0.133638 0
v 0.973162 0.156132 0
v 0.98316 0.179825 0
v 0.990949 0.204596 0
v 0.996408 0.230324 0
v 0.998694 0.247947 0
v 1 0.275 0
v 0.362801 0.727001 0
v 0.380401 0.744756 0
v 0.376117 0.713801 0
v 0.384956 0.71384 0
v 0.411511 0.705117 0
v 0.393756 0.722717 0
v 0.393717 0.731556 0
v 0.180944 0.455944 0
v 0.239381 0.480612 0
v 0.586938 0.747512 0
v 0.206516 0.473356 0
v 0.56935 0.773342 0
v 0.142935 0.220783 0
v 0.22146 0.190998 0
v 0.15368 0.190859 0
v 0.186129 0.175555 0
v 0.219895 0.18768 0
v 0.235198 0.220129 0
v 0.223074 0.253895 0
v 0.190625 0.269198 0
v 0.156859 0.257074 0
v 0.141556 0.224624 0
v 0.325406 0.843272 0
v 0.349639 0.819251 0
v 0.349601 0.713685 0
v 0.340723 0.722485 0
v 0.247626 0.788368 0
v 0.309846 0.709091 0
v 0.269548 0.82824 0
v 0.251948 0.810485 0
v 0.29147 0.868111 0
v 0.269509 0.837078 0
v 0.393523 0.77575 0
v 0.304748 0.86375 0
v 0.393601 0.758072 0
v 0.384723 0.766872 0
v 0.047623 0.325838 0
v 0.130008 0.225686 0
v 0.077053 0.357256 0
v 0.343109 0.141898 0
v 0.040475 0.317338 0
v 0.022641 0.186349 0
v 0.081757 0.360519 0
v 0.03965 0.315587 0
v 0.087301 0.364365 0
v 0.038813 0.313813 0
v 0.094041 0.369041 0
v 0.179838 0.454838 0
v 0.179248 0.454789 0
v 0.197796 0.456331 0
v 0.354653 0.275 0
v 0.148989 0.100264 0
v 0.151382 0.107899 0
v 0.055894 0.193359 0
v 0.071064 0.196557 0
v 0.155133 0.119867 0
v 0.077158 0.197842 0
v 0.258836 0.000781 0
v 0.270155 0.004845 0
v 0.344292 0.144407 0
v 0.397761 0.121591 0
v 0.398774 0.123741 0
v 0.123199 0.207547 0
v 0.024033 0.275 0
v 0.026618 0.27419 0
v 0.271592 0.005361 0
v 0.272179 0.005572 0
v 0.085518 0.081113 0
v 0.24661 0.220947 0
v 0.366994 0.372569 0
v 0.245739 0.057802 0
v 0.071695 0.092814 0
v 0.025641 0.186982 0
v 0.420629 0.233433 0
v 0.130872 0.228426 0
v 0.019583 0.185705 0
v 0.037826 0.270677 0
v 0.239648 0.055615 0
v 0.217164 0.090986 0
v 0.348943 0.257314 0
v 0.169555 0.165885 0
v 0.208761 0.130848 0
v 0.191424 0.165096 0
v 0.35631 0.270385 0
v 0.017803 0.18533 0
v 0.022363 0.169024 0
v 0.135319 0.056644 0
v 0.028678 0.187622 0
v 0.062387 0.100693 0
v 0.396738 0.329696 0
v 0.199617 0.456482 0
v 0.336218 0.127287 0
v 0.151076 0.394155 0
v 0.040536 0.317466 0
v 0.070185 0.35249 0
v 0.020963 0.275962 0
v 0.246903 0.219567 0
v 0.268866 0.066106 0
v 0.385499 0.09559 0
v 0.191187 0.280903 0
v 0.129851 0.225186 0
v 0.133155 0.209646 0
v 0.107888 0.378647 0
v 0.295696 0.014016 0
v 0.259825 0.445596 0
v 0.30657 0.092263 0
v 0.225678 0.050599 0
v 0.175646 0.277599 0
v 0.201108 0.167154 0
v 0.20634 0.276125 0
v 0.283467 0.370218 0
v 0.134629 0.240339 0
v 0.360155 0.259677 0
v 0.185567 0.16385 0
v 0.170414 0.168628 0
v 0.242126 0.204414 0
v 0.355792 0.168791 0
v 0.411597 0.150929 0
v 0.422482 0.211137 0
v 0.345967 0.048892 0
v 0.016599 0.185076 0
v 0.243599 0.235107 0
v 0.241963 0.389791 0
v 0.134792 0.054962 0
v 0.093287 0.074536 0
v 0.033677 0.15062 0
v 0.022833 0.167857 0
v 0.040672 0.131139 0
v 0.032144 0.154436 0
v 0.024961 0.164789 0
v 0.022726 0.168011 0
v 0.032481 0.15395 0
v 0.549272 0.44087 0
v 0.521293 0.418413 0
v 0.553177 0.476533 0
v 0.53072 0.504513 0
v 0.495057 0.508417 0
v 0.467078 0.485961 0
v 0.463173 0.450297 0
v 0.48563 0.422318 0
v 0.071281 0.452201 0
v 0.067439 0.452793 0
v 0 0.541485 0
v 0.007906 0.530703 0
v 0.014458 0.529694 0
v 0.040791 0.493783 0
v 0.039783 0.487231 0
v 0.064729 0.45321 0
v 0.694955 0.325176 0
v 0.624048 0.332948 0
v 0.580939 0.343931 0
v 0.368904 0.378808 0
v 0.302346 0.354236 0
v 0.311869 0.336764 0
v 0.698483 0.329988 0
v 0.634825 0.341597 0
v 0.348395 0.292429 0
v 0.644658 0.275 0
v 0.509872 0.364385 0
v 0.679473 0.304061 0
v 0.405159 0.400509 0
v 0.51113 0.319324 0
v 0.739158 0.438066 0
v 0.657958 0.372963 0
v 0.734497 0.520483 0
v 0.54403 0.405592 0
v 0.397068 0.328776 0
v 0.529083 0.409873 0
v 0.692875 0.322339 0
v 0.583799 0.339152 0
v 0.703963 0.337463 0
v 0.51026 0.350487 0
v 0.575903 0.352343 0
v 0.567586 0.366238 0
v 0.509478 0.378498 0
v 0.383355 0.387458 0
v 0.628072 0.336178 0
v 0.275238 0.470919 0
v 0.510118 0.35558 0
v 0.364496 0.37617 0
v 0.714264 0.352241 0
v 0.654592 0.368371 0
v 0.512281 0.406841 0
v 0.445773 0.42482 0
v 0.452686 0.235732 0
v 0.549267 0.396843 0
v 0.27576 0.475684 0
v 0.505879 0.583901 0
v 0.549972 0.692598 0
v 0.731347 0.396172 0
v 0.454074 0.429789 0
v 0.279273 0.507775 0
v 0.334985 0.482858 0
v 0.64158 0.350625 0
v 0.604444 0.522283 0
v 0.63221 0.265009 0
v 0.535975 0.414015 0
v 0.276395 0.481481 0
v 0.557437 0.491446 0
v 0.384036 0.461017 0
v 0.333345 0.467884 0
v 0.277063 0.437466 0
v 0.539646 0.412915 0
v 0.564649 0.471359 0
v 0.61106 0.46522 0
v 0.275367 0.472093 0
v 0.678318 0.42009 0
v 0.715872 0.356376 0
v 0.660668 0.376659 0
v 0.734686 0.404758 0
v 0.369783 0.569403 0
v 0.642449 0.273227 0
v 0.451796 0.451838 0
v 0.490504 0.518902 0
v 0.507189 0.536966 0
v 0.669232 0.396724 0
v 0.641456 0.27243 0
v 0.590095 0.245591 0
v 0.422148 0.605059 0
v 0.717176 0.35973 0
v 0.723759 0.376658 0
v 0.580171 0.464358 0
v 0.419366 0.248629 0
v 0.68 0.431504 0
v 0.466398 0.292671 0
v 0.670245 0.632723 0
v 0.635156 0.341863 0
v 0.42363 0.309301 0
v 0.512014 0.287676 0
v 0.346106 0.294108 0
v 0.599369 0.31314 0
v 0.65845 0.554609 0
v 0.677483 0.301346 0
v 0.708542 0.585007 0
v 0.563877 0.691075 0
v 0.742494 0.468534 0
v 0.620902 0.668901 0
v 0.504336 0.639155 0
v 0.59272 0.617529 0
v 0.307808 0.341823 0
v 0.71366 0.350688 0
v 0.451923 0.447018 0
v 0.451507 0.462901 0
v 0.478159 0.511484 0
v 0.332436 0.459577 0
v 0.733185 0.529005 0
v 0.524573 0.407163 0
v 0.564843 0.46393 0
v 0.629727 0.590396 0
v 0.33743 0.505192 0
v 0.538191 0.415347 0
v 0.354061 0.547961 0
v 0.491778 0.519668 0
v 0.683914 0.467254 0
v 0.273856 0.458297 0
v 0.556244 0.493431 0
v 0.460106 0.4334 0
v 0.564428 0.479813 0
v 0.50869 0.406747 0
v 0.50766 0.520084 0
v 0.67892 0.421639 0
v 0.662289 0.37887 0
v 0.513293 0.229096 0
v 0.573765 0.238405 0
v 0.549952 0.63416 0
v 0.452473 0.235756 0
v 0.629767 0.263048 0
v 0.735835 0.407713 0
v 0.124964 0.533462 0
v 0.12071 0.546428 0
v 0.108723 0.561634 0
v 0.107178 0.563594 0
v 0.110935 0.558828 0
v 0.076497 0.466226 0
v 0.073821 0.46962 0
v 0.077783 0.464595 0
v 0.084521 0.584761 0
v 0.055054 0.613544 0
v 0.083489 0.58607 0
v 0.045001 0.498606 0
v 0.043754 0.500187 0
v 0.015352 0.543785 0
v 0.028033 0.554199 0
v 0.032368 0.562023 0
v 0.019412 0.538635 0
v 0.071952 0.471991 0
v 0.058826 0.609782 0
v 0.011556 0.5486 0
v 0.121347 0.545621 0
v 0.120568 0.539038 0
v 0.017009 0.594682 0
v 0.012335 0.555183 0
v 0.000727 0.569907 0
v 0.028052 0.603388 0
v 0.001506 0.576491 0
v 0.055943 0.613439 0
v 0.036476 0.60406 0
v 0.04936 0.614218 0
v 0.025891 0.556917 0
v 0.093777 0.580591 0
v 0.014389 0.586648 0
v 0.057989 0.489702 0
v 0.051406 0.490481 0
v 0.074135 0.597935 0
v 0.087194 0.58137 0
v 0.023836 0.525452 0
v 0.024615 0.532035 0
v 0.067552 0.598714 0
v 0.070819 0.575642 0
v 0.062702 0.585937 0
v 0.032751 0.562325 0
v 0.037499 0.542192 0
v 0.07431 0.571213 0
v 0.110862 0.567273 0
v 0.141914 0.653922 0
v 0.166409 0.632244 0
v 0.165988 0.632741 0
v 0.124333 0.551361 0
v 0.123694 0.552116 0
v 0.172126 0.631471 0
v 0.113753 0.563858 0
v 0.130227 0.544399 0
v 0.193999 0.606909 0
v 0.189103 0.612693 0
v 0.109301 0.569116 0
v 0.113094 0.564636 0
v 0.14496 0.650324 0
v 0.131424 0.626643 0
v 0.149221 0.627155 0
v 0.138547 0.608107 0
v 0.138327 0.632487 0
v 0.097816 0.589937 0
v 0.143168 0.652442 0
v 0.116092 0.653585 0
v 0.091879 0.604204 0
v 0.134308 0.629085 0
v 0.092742 0.602682 0
v 0.120582 0.592897 0
v 0.124993 0.596632 0
v 0.11433 0.65273 0
v 0.157782 0.642434 0
v 0.129507 0.663282 0
v 0.093385 0.595171 0
v 0.121733 0.65836 0
v 0.082689 0.615059 0
v 0.117934 0.591565 0
v 0.096878 0.643459 0
v 0.095442 0.640584 0
v 0.091561 0.632816 0
v 0.15305 0.648023 0
v 0.20206 0.597388 0
v 0.146444 0.648572 0
v 0.142043 0.635633 0
v 0.154158 0.621323 0
v 0.173286 0.631375 0
v 0.134086 0.539841 0
v 0.201511 0.590782 0
v 0.16668 0.631924 0
v 0.092231 0.596533 0
v 0.150514 0.625627 0
v 0.105861 0.580434 0
v 0.134329 0.662882 0
v 0.106267 0.605345 0
v 0.105312 0.573828 0
v 0.112935 0.61099 0
v 0.140692 0.539292 0
v 0.127722 0.663431 0
v 0.118383 0.591035 0
v 0.093735 0.634657 0
v 0.09278 0.60314 0
v 0.106806 0.651864 0
v 0.115201 0.65283 0
v 0.080665 0.61745 0
v 0.081214 0.624057 0
v 0.096073 0.642778 0
v 0.269762 0.58972 0
v 0.258797 0.589091 0
v 0.251783 0.588688 0
v 0.252773 0.588744 0
v 0.401848 0.697095 0
v 0.377451 0.669818 0
v 0.2342 0.582942 0
v 0.344532 0.635384 0
v 0.27667 0.590117 0
v 0.276412 0.590102 0
v 0.250841 0.588634 0
v 0.239499 0.58655 0
v 0.072203 0.450945 0
v 0.077906 0.463295 0
v 0.078239 0.464017 0
v 0.353006 0.641154 0
v 0.137737 0.51726 0
v 0.217674 0.57169 0
v 0.224646 0.576437 0
v 0.459901 0.736624 0
v 0.465301 0.740301 0
v 0.364818 0.654245 0
v 0.411517 0.703679 0
v 0.437317 0.721246 0
v 0.512614 0.765685 0
v 0.396779 0.693643 0
v 0.278179 0.590204 0
v 0.35567 0.642969 0
v 0.241795 0.588114 0
v 0.500101 0.763996 0
v 0.138876 0.531173 0
v 0.137426 0.527564 0
v 0.14178 0.538007 0
v 0.1396 0.518528 0
v 0.141561 0.537858 0
v 0.138264 0.52049 0
v 0.137297 0.527241 0

f 245 296 252 
f 193 272 252 
f 322 296 245 
f 193 317 272 
f 194 310 317 
f 194 271 310 
f 301 271 194 
f 268 276 301 
f 309 268 195 
f 307 309 257 
f 257 258 250 
f 257 302 258 
f 195 300 257 
f 196 270 300 
f 196 299 270 
f 314 299 196 
f 197 248 314 
f 197 241 248 
f 232 216 241 
f 218 241 216 
f 147 233 218 
f 127 209 233 
f 127 237 209 
f 285 224 147 
f 229 282 285 
f 216 236 285 
f 219 286 282 
f 229 219 282 
f 197 316 232 
f 191 240 316 
f 304 240 191 
f 191 254 225 
f 308 254 191 
f 190 260 308 
f 190 223 260 
f 190 243 223 
f 231 243 262 
f 279 262 243 
f 251 230 231 
f 221 239 231 
f 208 230 234 
f 213 234 230 
f 207 227 208 
f 207 288 227 
f 251 284 213 
f 266 221 262 
f 273 319 266 
f 264 273 262 
f 281 318 264 
f 262 311 281 
f 190 305 279 
f 192 261 305 
f 315 261 192 
f 313 256 192 
f 244 66 255 
f 312 162 66 
f 263 235 66 
f 244 263 66 
f 148 68 66 
f 65 68 107 
f 148 107 68 
f 105 106 65 
f 312 259 162 
f 356 341 340 
f 370 369 368 
f 368 367 366 
f 387 396 422 
f 395 403 420 
f 395 425 403 
f 417 411 387 
f 386 417 387 
f 385 393 387 
f 388 410 386 
f 393 388 386 
f 187 184 143 
f 145 187 143 
f 99 130 143 
f 133 99 143 
f 142 133 143 
f 178 142 143 
f 111 186 187 
f 111 189 186 
f 183 189 111 
f 185 183 112 
f 114 38 37 
f 113 146 38 
f 113 38 114 
f 129 146 113 
f 125 129 110 
f 182 125 109 
f 144 181 182 
f 72 138 113 
f 72 172 138 
f 73 171 172 
f 73 140 171 
f 166 140 73 
f 139 166 74 
f 136 139 163 
f 163 139 173 
f 135 164 136 
f 128 135 136 
f 155 128 136 
f 173 97 149 
f 173 117 97 
f 173 174 117 
f 75 154 173 
f 74 71 173 
f 75 126 154 
f 179 126 75 
f 137 179 287 
f 211 287 179 
f 141 170 137 
f 108 141 137 
f 287 214 108 
f 167 297 211 
f 168 210 297 
f 168 297 167 
f 77 157 167 
f 165 157 77 
f 160 150 165 
f 102 104 165 
f 100 102 165 
f 100 165 78 
f 78 152 96 
f 152 78 169 
f 98 151 94 
f 101 98 94 
f 103 101 94 
f 134 103 94 
f 121 153 103 
f 122 121 103 
f 134 122 103 
f 169 78 79 
f 79 95 132 
f 158 95 79 
f 159 158 70 
f 72 120 159 
f 306 289 252 
f 52 51 226 
f 217 226 51 
f 212 53 52 
f 228 54 53 
f 66 249 255 
f 298 55 54 
f 298 56 55 
f 57 56 298 
f 1 57 293 
f 220 293 57 
f 325 220 57 
f 267 325 57 
f 247 267 57 
f 278 247 57 
f 277 278 57 
f 265 277 57 
f 238 265 57 
f 283 2 1 
f 303 291 1 
f 222 303 1 
f 283 3 2 
f 283 4 3 
f 283 5 4 
f 283 6 5 
f 283 7 6 
f 283 8 7 
f 283 9 8 
f 283 10 9 
f 11 10 283 
f 67 12 11 
f 67 13 12 
f 67 14 13 
f 67 15 14 
f 67 16 15 
f 67 17 16 
f 18 17 67 
f 19 18 457 
f 69 457 18 
f 19 91 88 
f 80 91 19 
f 81 80 19 
f 88 21 20 
f 88 22 21 
f 88 23 22 
f 23 88 89 
f 89 25 24 
f 25 89 87 
f 87 27 26 
f 87 28 27 
f 87 29 28 
f 29 87 84 
f 84 31 30 
f 32 31 84 
f 424 33 32 
f 424 34 33 
f 424 35 34 
f 36 35 424 
f 350 200 36 
f 352 350 36 
f 352 36 348 
f 351 348 36 
f 355 351 36 
f 404 432 36 
f 428 404 36 
f 339 201 200 
f 349 345 200 
f 342 202 201 
f 203 202 363 
f 364 363 202 
f 203 337 360 
f 338 337 203 
f 369 340 341 
f 343 205 204 
f 332 199 205 
f 446 198 199 
f 331 446 199 
f 446 445 198 
f 333 447 446 
f 331 333 446 
f 360 359 343 
f 355 354 351 
f 422 396 395 
f 431 335 355 
f 353 335 431 
f 430 344 353 
f 365 344 430 
f 336 361 416 
f 392 416 361 
f 430 402 361 
f 400 334 336 
f 389 362 334 
f 389 357 362 
f 329 357 421 
f 418 421 357 
f 383 328 329 
f 382 371 329 
f 378 330 328 
f 376 327 330 
f 375 346 327 
f 346 375 379 
f 326 347 379 
f 468 449 326 
f 464 469 326 
f 463 464 326 
f 468 466 449 
f 467 463 413 
f 423 465 467 
f 392 394 416 
f 392 427 394 
f 405 406 431 
f 405 426 406 
f 391 397 428 
f 424 401 428 
f 391 429 397 
f 84 399 424 
f 84 419 399 
f 407 372 419 
f 407 390 372 
f 407 384 390 
f 407 409 384 
f 398 407 412 
f 412 407 84 
f 377 374 398 
f 377 373 374 
f 377 415 373 
f 381 412 85 
f 461 380 381 
f 408 380 461 
f 408 439 451 
f 444 439 408 
f 451 450 414 
f 85 435 443 
f 85 436 435 
f 85 434 436 
f 85 433 434 
f 85 442 433 
f 85 441 442 
f 85 459 441 
f 85 440 459 
f 448 440 85 
f 454 460 448 
f 82 438 454 
f 60 458 438 
f 61 437 458 
f 82 58 60 
f 85 83 82 
f 89 86 87 
f 462 90 81 
f 452 92 90 
f 462 453 90 
f 92 93 90 
f 456 64 92 
f 64 59 92 
f 63 64 456 
f 456 455 62 
f 283 294 67 
f 292 246 67 
f 294 292 67 
f 217 50 49 
f 290 44 43 
f 45 44 290 
f 46 45 290 
f 47 46 290 
f 48 47 290 
f 49 48 290 
f 215 42 41 
f 43 42 215 
f 41 274 269 
f 253 274 41 
f 40 324 253 
f 40 275 324 
f 40 321 275 
f 320 321 40 
f 176 242 320 
f 119 175 320 
f 176 323 242 
f 184 188 143 
f 131 280 323 
f 176 131 323 
f 40 118 119 
f 40 156 118 
f 40 177 156 
f 40 161 177 
f 39 124 161 
f 39 123 124 
f 39 116 123 
f 39 115 116 
f 272 245 252 
f 313 193 252 
f 295 322 245 
f 193 194 317 
f 195 301 194 
f 195 268 301 
f 257 309 195 
f 250 307 257 
f 195 196 300 
f 197 314 196 
f 197 232 241 
f 285 218 216 
f 285 147 218 
f 147 127 233 
f 236 229 285 
f 197 191 316 
f 225 304 191 
f 190 308 191 
f 221 231 262 
f 190 279 243 
f 239 251 231 
f 207 208 234 
f 251 213 230 
f 273 266 262 
f 281 264 262 
f 190 192 305 
f 256 315 192 
f 193 313 192 
f 235 312 66 
f 162 148 66 
f 105 65 107 
f 366 370 368 
f 385 387 422 
f 393 386 387 
f 130 145 143 
f 145 111 187 
f 112 183 111 
f 37 185 112 
f 112 114 37 
f 120 113 114 
f 110 129 113 
f 109 125 110 
f 144 182 109 
f 120 72 113 
f 72 73 172 
f 74 166 73 
f 173 139 74 
f 155 136 163 
f 149 163 173 
f 71 75 173 
f 76 179 75 
f 108 137 287 
f 76 211 179 
f 76 167 211 
f 180 168 167 
f 76 77 167 
f 78 165 77 
f 104 160 165 
f 96 100 78 
f 94 152 169 
f 169 134 94 
f 132 169 79 
f 70 158 79 
f 72 159 70 
f 296 306 252 
f 206 52 226 
f 50 217 51 
f 206 212 52 
f 212 228 53 
f 228 298 54 
f 238 57 298 
f 222 1 293 
f 291 283 1 
f 67 11 283 
f 69 18 67 
f 81 19 457 
f 20 19 88 
f 24 23 89 
f 26 25 87 
f 30 29 84 
f 424 32 84 
f 428 36 424 
f 358 352 348 
f 432 355 36 
f 345 339 200 
f 350 349 200 
f 339 342 201 
f 338 203 363 
f 342 364 202 
f 204 203 360 
f 368 369 341 
f 360 343 204 
f 343 332 205 
f 332 331 199 
f 420 422 395 
f 432 431 355 
f 430 353 431 
f 361 365 430 
f 400 336 416 
f 402 392 361 
f 400 389 334 
f 382 329 421 
f 389 418 357 
f 371 383 329 
f 383 378 328 
f 378 376 330 
f 376 375 327 
f 347 346 379 
f 413 326 379 
f 469 468 326 
f 413 463 326 
f 423 467 413 
f 432 405 431 
f 401 391 428 
f 84 407 419 
f 377 398 412 
f 85 412 84 
f 443 381 85 
f 443 461 381 
f 444 408 461 
f 414 408 451 
f 454 448 85 
f 85 82 454 
f 82 60 438 
f 60 61 458 
f 457 462 81 
f 453 452 90 
f 452 456 92 
f 62 63 456 
f 290 217 49 
f 215 290 43 
f 269 215 41 
f 40 253 41 
f 119 320 40 
f 175 176 320 
f 40 39 161 

g Text=1.50698756238
v 0.561673 0.355991 0
v 0.559575 0.350746 0
v 0.554622 0.34999 0
v 0.550658 0.350222 0
v 0.537021 0.339209 0
v 0.529153 0.321903 0
v 0.525482 0.305908 0
v 0.522335 0.290437 0
v 0.519594 0.266898 0
v 0.520237 0.242189 0
v 0.532825 0.207053 0
v 0.547511 0.197088 0
v 0.552494 0.19604 0
v 0.557477 0.194991 0
v 0.568622 0.195064 0
v 0.577409 0.198662 0
v 0.57769 0.198615 0
v 0.577933 0.198662 0
v 0.594718 0.212821 0
v 0.60311 0.224883 0
v 0.612551 0.256874 0
v 0.613644 0.277404 0
v 0.612027 0.297779 0
v 0.605732 0.330294 0
v 0.601536 0.339209 0
v 0.589472 0.354417 0
v 0.580496 0.35827 0
v 0.570065 0.358613 0
v 0.565669 0.357697 0
v 0.933029 0.487098 0
v 0.932882 0.484738 0
v 0.933029 0.482378 0
v 0.942995 0.43518 0
v 0.944044 0.425478 0
v 0.945093 0.415776 0
v 0.945368 0.401578 0
v 0.945093 0.385359 0
v 0.945093 0.383786 0
v 0.943943 0.372672 0
v 0.942995 0.36176 0
v 0.942208 0.355991 0
v 0.941421 0.350222 0
v 0.940897 0.346813 0
v 0.940372 0.343404 0
v 0.938013 0.336478 0
v 0.94026 0.319182 0
v 0.947716 0.304597 0
v 0.964956 0.298554 0
v 0.969523 0.298735 0
v 0.972892 0.300401 0
v 0.984432 0.309841 0
v 1.009608 0.382212 0
v 1.015378 0.396896 0
v 1.026393 0.408958 0
v 1.028215 0.410201 0
v 1.030064 0.411056 0
v 1.033001 0.400006 0
v 1.032318 0.369129 0
v 1.027442 0.348124 0
v 1.026334 0.343704 0
v 1.026197 0.334037 0
v 1.027442 0.327672 0
v 1.034785 0.312988 0
v 1.051569 0.30145 0
v 1.056918 0.29943 0
v 1.069478 0.301756 0
v 1.07832 0.30617 0
v 1.087761 0.317183 0
v 1.092566 0.344458 0
v 1.092482 0.373821 0
v 1.091614 0.386751 0
v 1.090383 0.400043 0
v 1.08304 0.426789 0
v 1.073599 0.443571 0
v 1.054716 0.461926 0
v 1.039187 0.468459 0
v 1.014681 0.463532 0
v 0.993873 0.449864 0
v 0.977613 0.433606 0
v 0.971843 0.425216 0
v 0.969745 0.434393 0
v 0.967647 0.443571 0
v 0.965287 0.452224 0
v 0.962927 0.460877 0
v 0.959255 0.471365 0
v 0.950876 0.484943 0
v 0.940372 0.493391 0
v 0.936347 0.4911 0
v 1.278684 0.482378 0
v 1.281858 0.475591 0
v 1.282356 0.467694 0
v 1.283474 0.432586 0
v 1.292321 0.404238 0
v 1.309169 0.396404 0
v 1.312056 0.39664 0
v 1.314351 0.397945 0
v 1.322743 0.403714 0
v 1.326415 0.410531 0
v 1.327287 0.413429 0
v 1.326326 0.429221 0
v 1.323792 0.440424 0
v 1.314351 0.471365 0
v 1.305434 0.488147 0
v 1.296497 0.493931 0
v 1.286027 0.496014 0
v 1.283238 0.494811 0
v 1.278248 0.485625 0
v 1.278139 0.483804 0
v 0.86694 0.492343 0
v 0.860122 0.475561 0
v 0.857515 0.459844 0
v 0.855401 0.444619 0
v 0.854787 0.421192 0
v 0.853828 0.397421 0
v 0.853652 0.371286 0
v 0.852779 0.344453 0
v 0.85267 0.344415 0
v 0.851549 0.345433 0
v 0.85068 0.346551 0
v 0.837043 0.364382 0
v 0.795082 0.418398 0
v 0.780423 0.424534 0
v 0.776099 0.424347 0
v 0.772528 0.422593 0
v 0.766409 0.413581 0
v 0.766545 0.412234 0
v 0.767283 0.411056 0
v 0.769381 0.405812 0
v 0.775675 0.401092 0
v 0.789837 0.375919 0
v 0.786799 0.368877 0
v 0.783018 0.361235 0
v 0.774101 0.333965 0
v 0.762038 0.297255 0
v 0.759677 0.288864 0
v 0.757317 0.280473 0
v 0.756268 0.280473 0
v 0.722699 0.348649 0
v 0.714831 0.367528 0
v 0.703816 0.391652 0
v 0.697522 0.405812 0
v 0.682652 0.419089 0
v 0.681284 0.418906 0
v 0.679689 0.417874 0
v 0.675725 0.410864 0
v 0.675862 0.409547 0
v 0.676542 0.408434 0
v 0.691753 0.372773 0
v 0.704341 0.337636 0
v 0.714307 0.312988 0
v 0.721125 0.294632 0
v 0.726895 0.279948 0
v 0.732665 0.266838 0
v 0.741057 0.24586 0
v 0.752072 0.230652 0
v 0.758118 0.228282 0
v 0.768631 0.229603 0
v 0.777248 0.234323 0
v 0.787214 0.249531 0
v 0.812915 0.318756 0
v 0.814489 0.324263 0
v 0.816063 0.329769 0
v 0.81622 0.329842 0
v 0.818408 0.327678 0
v 0.820259 0.325049 0
v 0.844386 0.286766 0
v 0.855401 0.275229 0
v 0.866416 0.269984 0
v 0.870783 0.268231 0
v 0.8851 0.272598 0
v 0.898936 0.282571 0
v 0.915196 0.345502 0
v 0.916694 0.358538 0
v 0.918343 0.371724 0
v 0.919746 0.392006 0
v 0.92149 0.412629 0
v 0.922629 0.435532 0
v 0.924112 0.458779 0
v 0.924112 0.459828 0
v 0.924383 0.472515 0
v 0.922014 0.482903 0
v 0.914671 0.504404 0
v 0.905766 0.511315 0
v 0.895264 0.514369 0
v 0.879789 0.506527 0
v 0.218641 0.610864 0
v 0.173533 0.582545 0
v 0.150454 0.563665 0
v 0.120557 0.532724 0
v 0.093806 0.490245 0
v 0.088561 0.475036 0
v 0.091778 0.457349 0
v 0.09538 0.436229 0
v 0.09538 0.43518 0
v 0.109542 0.355466 0
v 0.111228 0.344078 0
v 0.113213 0.332391 0
v 0.11541 0.316822 0
v 0.117934 0.300926 0
v 0.118983 0.291748 0
v 0.120032 0.282571 0
v 0.125463 0.244102 0
v 0.130522 0.206004 0
v 0.131944 0.192259 0
v 0.13367 0.178209 0
v 0.135329 0.158457 0
v 0.136817 0.138877 0
v 0.137253 0.138706 0
v 0.138901 0.139242 0
v 0.139964 0.139926 0
v 0.171959 0.151988 0
v 0.191366 0.161427 0
v 0.208151 0.169818 0
v 0.218641 0.175062 0
v 0.272141 0.204431 0
v 0.287877 0.214395 0
v 0.337706 0.261069 0
v 0.364456 0.297779 0
v 0.388059 0.360711 0
v 0.39123 0.37437 0
v 0.394353 0.387981 0
v 0.395289 0.398881 0
v 0.395927 0.409483 0
v 0.397283 0.418934 0
v 0.396976 0.429411 0
v 0.391731 0.491294 0
v 0.390157 0.502045 0
v 0.388583 0.512795 0
v 0.372848 0.568385 0
v 0.358686 0.594606 0
v 0.334558 0.621877 0
v 0.312925 0.632862 0
v 0.287877 0.636036 0
v 0.249321 0.627556 0
v 1.051569 0.67904 0
v 1.067829 0.611388 0
v 1.085138 0.525382 0
v 1.087104 0.512403 0
v 1.089334 0.49916 0
v 1.091588 0.482223 0
v 1.094055 0.465072 0
v 1.096639 0.438627 0
v 1.0993 0.412105 0
v 1.101189 0.377964 0
v 1.103496 0.343404 0
v 1.104789 0.320294 0
v 1.103496 0.295157 0
v 1.103496 0.293584 0
v 1.107692 0.282571 0
v 1.116085 0.27418 0
v 1.130782 0.270448 0
v 1.133864 0.270349 0
v 1.136016 0.271033 0
v 1.149654 0.279424 0
v 1.155423 0.291486 0
v 1.15811 0.308069 0
v 1.160144 0.324001 0
v 1.16223 0.339198 0
v 1.163815 0.353893 0
v 1.165127 0.364382 0
v 1.166438 0.37487 0
v 1.1806 0.423642 0
v 1.182173 0.429149 0
v 1.183747 0.434655 0
v 1.194762 0.450388 0
v 1.205069 0.458116 0
v 1.206269 0.457926 0
v 1.20735 0.457206 0
v 1.211546 0.455632 0
v 1.218518 0.430297 0
v 1.218707 0.411268 0
v 1.214169 0.397421 0
v 1.21312 0.392176 0
v 1.212071 0.386932 0
v 1.205893 0.372088 0
v 1.20263 0.354942 0
v 1.203679 0.349173 0
v 1.204728 0.343404 0
v 1.217316 0.326623 0
v 1.235899 0.32066 0
v 1.245122 0.320843 0
v 1.252458 0.324001 0
v 1.267145 0.337111 0
v 1.274283 0.370152 0
v 1.276061 0.410531 0
v 1.273439 0.447242 0
v 1.260326 0.481854 0
v 1.246689 0.498636 0
v 1.232002 0.507551 0
v 1.21305 0.511553 0
v 1.197953 0.512266 0
v 1.187943 0.510173 0
v 1.172732 0.503356 0
v 1.149654 0.482378 0
v 1.134967 0.456157 0
v 1.129722 0.442522 0
v 1.125419 0.467539 0
v 1.12133 0.492343 0
v 1.117833 0.510785 0
v 1.114511 0.529053 0
v 1.111508 0.542282 0
v 1.108741 0.555274 0
v 1.086712 0.638659 0
v 1.077271 0.681662 0
v 1.072025 0.691102 0
v 1.065968 0.69414 0
v 1.058913 0.694773 0
v 1.055774 0.693398 0
v 1.050913 0.68364 0
v 1.050795 0.681042 0
v 1.243542 0.685857 0
v 1.244328 0.678253 0
v 1.245115 0.670649 0
v 1.246164 0.664618 0
v 1.247213 0.658587 0
v 1.248524 0.652294 0
v 1.249836 0.646001 0
v 1.251147 0.640494 0
v 1.252458 0.634988 0
v 1.266469 0.626613 0
v 1.269104 0.626824 0
v 1.271341 0.62817 0
v 1.279209 0.631317 0
v 1.284454 0.638659 0
v 1.284506 0.639416 0
v 1.284454 0.640232 0
v 1.28288 0.681137 0
v 1.287601 0.71103 0
v 1.278684 0.72047 0
v 1.2714 0.72319 0
v 1.262949 0.723092 0
v 1.255175 0.719787 0
v 1.242393 0.695553 0
v 1.242057 0.689678 0
v 0.179302 0.702639 0
v 0.166189 0.695297 0
v 0.121081 0.665929 0
v 0.082267 0.634463 0
v 0.043978 0.593033 0
v 0.043839 0.592975 0
v 0.04301 0.593723 0
v 0.042404 0.594606 0
v 0.030865 0.602997 0
v 0.026886 0.604847 0
v 0.017066 0.601643 0
v 0.008311 0.594606 0
v 0.012112 0.574284 0
v 0.019325 0.557372 0
v 0.002541 0.503356 0
v 0.002489 0.502598 0
v 0.002541 0.501782 0
v 0.002132 0.489279 0
v 0.004115 0.478707 0
v 0.004639 0.47425 0
v 0.005164 0.469792 0
v 0.015654 0.436229 0
v 0.026144 0.417874 0
v 0.043978 0.401092 0
v 0.045289 0.390341 0
v 0.0466 0.37959 0
v 0.049677 0.345834 0
v 0.052894 0.311939 0
v 0.053516 0.300305 0
v 0.054468 0.288339 0
v 0.054828 0.276704 0
v 0.055517 0.26474 0
v 0.055569 0.263982 0
v 0.055517 0.263167 0
v 0.056041 0.236945 0
v 0.051845 0.148841 0
v 0.048913 0.132274 0
v 0.046076 0.115802 0
v 0.022473 0.101118 0
v 0.006737 0.081189 0
v 0.006737 0.080141 0
v -0.000012 0.054943 0
v 0.000001 0.051088 0
v 0.000967 0.048675 0
v 0.011982 0.02088 0
v 0.027193 0.007245 0
v 0.03611 0.003049 0
v 0.046951 0.000663 0
v 0.063543 0.000004 0
v 0.074924 0.002001 0
v 0.094331 0.01144 0
v 0.107444 0.024027 0
v 0.113213 0.033466 0
v 0.147307 0.040284 0
v 0.190842 0.053919 0
v 0.219165 0.065981 0
v 0.238048 0.074896 0
v 0.299941 0.106887 0
v 0.314627 0.114229 0
v 0.347147 0.136779 0
v 0.369176 0.15461 0
v 0.405892 0.189746 0
v 0.441559 0.234847 0
v 0.452574 0.254776 0
v 0.457025 0.251114 0
v 0.462015 0.246909 0
v 0.476702 0.241141 0
v 0.478754 0.223618 0
v 0.482471 0.204431 0
v 0.497682 0.174538 0
v 0.516565 0.157756 0
v 0.528629 0.151463 0
v 0.548881 0.145089 0
v 0.579803 0.145913 0
v 0.601012 0.153036 0
v 0.618845 0.165098 0
v 0.639826 0.187649 0
v 0.659757 0.227505 0
v 0.66466 0.251299 0
v 0.665527 0.280473 0
v 0.657596 0.342478 0
v 0.629335 0.395847 0
v 0.608879 0.410531 0
v 0.596816 0.415251 0
v 0.589997 0.416825 0
v 0.583178 0.418398 0
v 0.558778 0.418586 0
v 0.536496 0.414202 0
v 0.506599 0.397945 0
v 0.494011 0.387981 0
v 0.493327 0.386994 0
v 0.492437 0.386408 0
v 0.492361 0.387413 0
v 0.492437 0.388505 0
v 0.494535 0.441997 0
v 0.487717 0.511222 0
v 0.485843 0.523322 0
v 0.483521 0.53587 0
v 0.476177 0.569958 0
v 0.46254 0.607717 0
v 0.45205 0.629219 0
v 0.421103 0.674844 0
v 0.394878 0.699492 0
v 0.377569 0.71103 0
v 0.346622 0.725189 0
v 0.31839 0.731978 0
v 0.283681 0.734629 0
v 0.226045 0.722816 0
v 1.319596 0.84004 0
v 1.319072 0.83532 0
v 1.318547 0.8306 0
v 1.316974 0.824307 0
v 1.3154 0.818014 0
v 1.315002 0.817176 0
v 1.316495 0.814631 0
v 1.319072 0.812245 0
v 1.319334 0.807001 0
v 1.319596 0.801756 0
v 1.319673 0.800751 0
v 1.319596 0.799659 0
v 1.318023 0.763997 0
v 1.317498 0.734105 0
v 1.315758 0.704928 0
v 1.316449 0.671698 0
v 1.320121 0.612437 0
v 1.320951 0.60138 0
v 1.322219 0.589887 0
v 1.32358 0.577512 0
v 1.325366 0.564714 0
v 1.327628 0.547506 0
v 1.330611 0.529577 0
v 1.333812 0.508546 0
v 1.33743 0.487098 0
v 1.33922 0.472984 0
v 1.341101 0.458779 0
v 1.361557 0.392176 0
v 1.366278 0.380639 0
v 1.378269 0.373096 0
v 1.380136 0.373239 0
v 1.382013 0.374346 0
v 1.391979 0.381163 0
v 1.397291 0.39436 0
v 1.399322 0.410007 0
v 1.398273 0.443571 0
v 1.397215 0.455379 0
v 1.395651 0.467694 0
v 1.39378 0.482151 0
v 1.391455 0.497062 0
v 1.388708 0.515542 0
v 1.38516 0.534821 0
v 1.376244 0.584642 0
v 1.372352 0.615803 0
v 1.368901 0.646525 0
v 1.368097 0.658341 0
v 1.367327 0.670124 0
v 1.363288 0.706939 0
v 1.35841 0.744593 0
v 1.357322 0.757481 0
v 1.356312 0.77029 0
v 1.355001 0.780517 0
v 1.35369 0.790743 0
v 1.351677 0.801146 0
v 1.350018 0.811196 0
v 1.348444 0.819062 0
v 1.346871 0.826929 0
v 1.345035 0.833222 0
v 1.343199 0.839515 0
v 1.339003 0.848955 0
v 1.334409 0.851729 0
v 1.329037 0.852626 0
v 1.323741 0.847723 0
v 1.40719 0.993698 0
v 1.407113 0.989418 0
v 1.408239 0.985831 0
v 1.410124 0.983007 0
v 1.412435 0.980062 0
v 1.412554 0.978557 0
v 1.412435 0.976916 0
v 1.413484 0.937059 0
v 1.415582 0.863115 0
v 1.415911 0.850199 0
v 1.416107 0.837417 0
v 1.417358 0.826829 0
v 1.416631 0.814867 0
v 1.419778 0.763997 0
v 1.420041 0.755344 0
v 1.420303 0.746691 0
v 1.422743 0.717626 0
v 1.423975 0.684808 0
v 1.424499 0.664356 0
v 1.426202 0.636431 0
v 1.427646 0.608766 0
v 1.429662 0.585774 0
v 1.431318 0.563141 0
v 1.433053 0.545935 0
v 1.434465 0.529053 0
v 1.435953 0.515765 0
v 1.437087 0.502831 0
v 1.442149 0.462371 0
v 1.448627 0.420496 0
v 1.464362 0.345502 0
v 1.469083 0.332391 0
v 1.48507 0.322334 0
v 1.48756 0.322524 0
v 1.490063 0.324001 0
v 1.497931 0.327147 0
v 1.50475 0.336062 0
v 1.505858 0.347134 0
v 1.506323 0.357564 0
v 1.506988 0.3959 0
v 1.503701 0.432033 0
v 1.501791 0.446791 0
v 1.499505 0.461926 0
v 1.497169 0.481829 0
v 1.494784 0.501782 0
v 1.491981 0.533953 0
v 1.487965 0.567336 0
v 1.483952 0.603601 0
v 1.480098 0.639707 0
v 1.479573 0.649672 0
v 1.479048 0.659636 0
v 1.475456 0.700724 0
v 1.471181 0.742496 0
v 1.469901 0.755838 0
v 1.468558 0.769242 0
v 1.467077 0.7799 0
v 1.465936 0.790219 0
v 1.460699 0.824822 0
v 1.454921 0.859968 0
v 1.452498 0.875501 0
v 1.4502 0.890909 0
v 1.44822 0.902854 0
v 1.446529 0.914509 0
v 1.444693 0.924735 0
v 1.442857 0.934961 0
v 1.440292 0.946966 0
v 1.438136 0.958561 0
v 1.436301 0.967214 0
v 1.434465 0.975867 0
v 1.432367 0.982947 0
v 1.430269 0.990027 0
v 1.424499 0.998417 0
v 1.420372 1.000004 0
v 1.415582 0.999991 0
v 1.411002 0.997771 0

f 540 539 527 
f 528 527 538 
f 530 529 528 
f 531 530 538 
f 532 531 537 
f 535 534 533 
f 535 533 537 
f 541 540 526 
f 525 543 542 
f 525 544 543 
f 545 544 525 
f 547 546 525 
f 524 523 547 
f 548 547 523 
f 549 548 522 
f 503 550 549 
f 505 504 549 
f 506 505 549 
f 506 549 521 
f 502 551 550 
f 502 552 551 
f 502 553 552 
f 554 553 502 
f 555 554 501 
f 557 556 555 
f 500 499 557 
f 521 508 507 
f 539 538 527 
f 521 509 508 
f 510 509 521 
f 520 511 510 
f 520 512 511 
f 520 513 512 
f 515 514 513 
f 515 513 520 
f 517 516 515 
f 519 518 517 
f 568 567 562 
f 569 562 561 
f 565 564 563 
f 567 566 565 
f 571 570 561 
f 565 563 562 
f 559 572 571 
f 573 572 559 
f 574 573 558 
f 576 575 574 
f 558 577 576 
f 621 620 606 
f 623 622 606 
f 608 607 618 
f 619 618 607 
f 617 609 608 
f 616 610 609 
f 611 610 616 
f 613 612 611 
f 614 613 616 
f 626 624 623 
f 628 627 623 
f 626 625 624 
f 629 628 603 
f 604 603 628 
f 605 604 628 
f 602 630 629 
f 631 630 602 
f 632 631 601 
f 588 633 632 
f 589 632 600 
f 634 633 588 
f 586 635 634 
f 639 636 635 
f 640 635 585 
f 586 585 635 
f 637 636 639 
f 619 607 606 
f 642 641 585 
f 584 643 642 
f 583 644 643 
f 645 644 583 
f 646 645 582 
f 580 647 646 
f 648 647 580 
f 649 648 579 
f 651 650 654 
f 578 654 650 
f 654 653 652 
f 590 589 599 
f 591 590 598 
f 593 592 591 
f 593 591 597 
f 594 593 596 
f 751 749 746 
f 752 746 744 
f 745 744 746 
f 751 750 749 
f 741 754 753 
f 743 742 753 
f 744 743 753 
f 739 755 754 
f 741 740 754 
f 738 756 755 
f 757 756 738 
f 736 759 758 
f 735 760 759 
f 761 760 735 
f 762 735 734 
f 763 734 733 
f 765 764 733 
f 765 731 730 
f 732 731 765 
f 766 765 711 
f 712 711 765 
f 709 767 766 
f 708 768 767 
f 769 768 707 
f 708 707 768 
f 706 770 769 
f 706 771 770 
f 705 772 771 
f 704 773 772 
f 774 773 704 
f 777 776 775 
f 778 777 775 
f 704 779 778 
f 713 712 730 
f 728 714 713 
f 748 747 746 
f 726 715 714 
f 728 727 714 
f 726 725 715 
f 716 715 725 
f 718 717 716 
f 718 716 724 
f 720 719 718 
f 722 721 720 
f 723 722 720 
f 788 787 791 
f 738 737 736 
f 795 791 787 
f 791 790 789 
f 792 791 795 
f 795 794 793 
f 796 795 785 
f 786 785 795 
f 801 797 796 
f 802 796 780 
f 781 780 796 
f 782 781 796 
f 783 782 796 
f 784 783 796 
f 798 797 801 
f 801 800 799 
f 695 696 899 
f 695 899 898 
f 697 901 900 
f 902 901 697 
f 698 903 902 
f 904 903 698 
f 905 904 699 
f 906 905 700 
f 701 908 907 
f 701 909 908 
f 702 910 909 
f 911 910 702 
f 804 911 703 
f 655 805 804 
f 806 805 655 
f 807 806 656 
f 807 657 658 
f 817 809 808 
f 817 808 658 
f 816 810 809 
f 816 811 810 
f 812 811 816 
f 814 813 812 
f 816 815 814 
f 659 818 817 
f 820 818 659 
f 820 819 818 
f 821 820 660 
f 660 823 822 
f 660 824 823 
f 825 824 660 
f 826 825 661 
f 663 827 826 
f 663 828 827 
f 664 829 828 
f 830 829 664 
f 666 831 830 
f 832 831 667 
f 666 667 831 
f 833 832 668 
f 834 833 669 
f 670 835 834 
f 670 836 835 
f 670 837 836 
f 671 838 837 
f 672 673 838 
f 671 672 838 
f 839 838 673 
f 839 675 676 
f 674 675 839 
f 676 841 840 
f 841 676 856 
f 842 853 852 
f 854 853 842 
f 844 843 842 
f 844 852 851 
f 845 844 847 
f 848 847 851 
f 851 850 849 
f 856 855 854 
f 677 857 856 
f 858 857 678 
f 677 678 857 
f 680 859 858 
f 681 860 859 
f 861 860 683 
f 682 683 860 
f 681 682 860 
f 684 862 861 
f 863 862 684 
f 685 864 863 
f 686 865 864 
f 866 865 686 
f 867 866 687 
f 477 868 867 
f 895 476 867 
f 870 869 868 
f 478 870 868 
f 479 871 870 
f 872 871 479 
f 480 873 872 
f 874 873 480 
f 875 874 481 
f 876 875 482 
f 484 877 876 
f 900 899 696 
f 878 877 484 
f 487 879 878 
f 486 487 878 
f 488 880 879 
f 881 880 489 
f 488 489 880 
f 490 882 881 
f 491 883 882 
f 884 883 492 
f 491 492 883 
f 885 884 494 
f 493 494 884 
f 495 886 885 
f 496 887 886 
f 496 888 887 
f 496 889 888 
f 497 890 889 
f 497 498 890 
f 891 890 498 
f 891 470 473 
f 892 473 474 
f 894 893 892 
f 895 894 474 
f 475 476 895 
f 690 896 895 
f 688 689 895 
f 691 897 896 
f 898 897 693 
f 692 693 897 
f 691 692 897 
f 472 473 470 
f 484 485 486 
f 944 943 940 
f 945 944 939 
f 947 946 939 
f 938 948 947 
f 938 949 948 
f 937 950 949 
f 936 951 950 
f 952 951 936 
f 953 952 935 
f 954 953 933 
f 934 933 953 
f 955 954 930 
f 941 940 943 
f 931 930 954 
f 932 931 954 
f 956 955 928 
f 929 928 955 
f 927 957 956 
f 927 958 957 
f 959 958 927 
f 925 960 959 
f 924 961 960 
f 924 962 961 
f 963 962 924 
f 964 963 923 
f 921 966 965 
f 923 922 965 
f 919 967 966 
f 921 920 966 
f 968 967 919 
f 914 969 968 
f 913 970 969 
f 971 970 974 
f 912 974 970 
f 974 973 972 
f 916 915 919 
f 918 917 916 
f 1008 1005 1011 
f 1011 1005 1004 
f 1010 1009 1008 
f 1013 1012 1004 
f 1003 1014 1013 
f 1003 1015 1014 
f 1002 1016 1015 
f 1002 1017 1016 
f 1001 1018 1017 
f 1000 1019 1018 
f 998 1020 1019 
f 1000 999 1019 
f 996 1021 1020 
f 998 997 1020 
f 1006 1005 1008 
f 1022 1021 995 
f 996 995 1021 
f 994 1023 1022 
f 993 1024 1023 
f 992 1025 1024 
f 991 1026 1025 
f 990 1027 1026 
f 1028 1027 989 
f 990 989 1027 
f 988 1029 1028 
f 988 1030 1029 
f 987 1031 1030 
f 985 1032 1031 
f 987 986 1031 
f 983 1033 1032 
f 985 984 1032 
f 983 1034 1033 
f 1035 1034 983 
f 982 1036 1035 
f 982 1037 1036 
f 982 1038 1037 
f 982 1039 1038 
f 1040 1039 982 
f 981 1041 1040 
f 1042 1041 981 
f 979 1044 1043 
f 981 980 1043 
f 978 1045 1044 
f 1046 1045 978 
f 1048 1047 978 
f 976 975 1048 
f 526 540 527 
f 530 528 538 
f 537 531 538 
f 533 532 537 
f 536 535 537 
f 542 541 526 
f 526 525 542 
f 546 545 525 
f 524 547 525 
f 522 548 523 
f 521 549 522 
f 504 503 549 
f 507 506 521 
f 503 502 550 
f 501 554 502 
f 557 555 501 
f 501 500 557 
f 520 510 521 
f 519 515 520 
f 519 517 515 
f 569 568 562 
f 570 569 561 
f 560 571 561 
f 567 565 562 
f 560 559 571 
f 558 573 559 
f 576 574 558 
f 622 621 606 
f 605 623 606 
f 617 608 618 
f 617 616 609 
f 613 611 616 
f 615 614 616 
f 627 626 623 
f 605 628 623 
f 602 629 603 
f 601 631 602 
f 600 632 601 
f 589 588 632 
f 599 589 600 
f 587 634 588 
f 587 586 634 
f 640 639 635 
f 641 640 585 
f 638 637 639 
f 620 619 606 
f 584 642 585 
f 584 583 643 
f 582 645 583 
f 581 646 582 
f 581 580 646 
f 579 648 580 
f 650 649 579 
f 652 651 654 
f 579 578 650 
f 598 590 599 
f 597 591 598 
f 596 593 597 
f 595 594 596 
f 752 751 746 
f 753 752 744 
f 742 741 753 
f 740 739 754 
f 739 738 755 
f 758 757 738 
f 738 736 758 
f 736 735 759 
f 762 761 735 
f 763 762 734 
f 764 763 733 
f 732 765 733 
f 712 765 730 
f 710 766 711 
f 710 709 766 
f 709 708 767 
f 706 769 707 
f 706 705 771 
f 705 704 772 
f 775 774 704 
f 704 778 775 
f 729 713 730 
f 729 728 713 
f 749 748 746 
f 727 726 714 
f 724 716 725 
f 720 718 724 
f 724 723 720 
f 789 788 791 
f 786 795 787 
f 793 792 795 
f 784 796 785 
f 802 801 796 
f 803 802 780 
f 799 798 801 
f 694 695 898 
f 698 902 697 
f 699 904 698 
f 700 905 699 
f 907 906 700 
f 700 701 907 
f 701 702 909 
f 703 911 702 
f 655 804 703 
f 656 806 655 
f 657 807 656 
f 808 807 658 
f 659 817 658 
f 817 816 809 
f 814 812 816 
f 660 820 659 
f 822 821 660 
f 661 825 660 
f 662 826 661 
f 662 663 826 
f 663 664 828 
f 665 830 664 
f 665 666 830 
f 668 832 667 
f 669 833 668 
f 670 834 669 
f 670 671 837 
f 674 839 673 
f 840 839 676 
f 842 841 856 
f 844 842 852 
f 856 854 842 
f 847 844 851 
f 846 845 847 
f 849 848 851 
f 676 677 856 
f 679 858 678 
f 679 680 858 
f 680 681 859 
f 684 861 683 
f 685 863 684 
f 685 686 864 
f 687 866 686 
f 688 867 687 
f 476 477 867 
f 688 895 867 
f 477 478 868 
f 478 479 870 
f 480 872 479 
f 481 874 480 
f 482 875 481 
f 483 876 482 
f 483 484 876 
f 697 900 696 
f 486 878 484 
f 487 488 879 
f 490 881 489 
f 490 491 882 
f 493 884 492 
f 495 885 494 
f 495 496 886 
f 496 497 889 
f 470 891 498 
f 892 891 473 
f 894 892 474 
f 475 895 474 
f 689 690 895 
f 690 691 896 
f 694 898 693 
f 471 472 470 
f 939 944 940 
f 946 945 939 
f 938 947 939 
f 938 937 949 
f 937 936 950 
f 935 952 936 
f 934 953 935 
f 932 954 933 
f 929 955 930 
f 942 941 943 
f 927 956 928 
f 926 959 927 
f 926 925 959 
f 925 924 960 
f 923 963 924 
f 965 964 923 
f 922 921 965 
f 920 919 966 
f 915 968 919 
f 915 914 968 
f 914 913 969 
f 972 971 974 
f 913 912 970 
f 918 916 919 
f 1010 1008 1011 
f 1012 1011 1004 
f 1003 1013 1004 
f 1003 1002 1015 
f 1002 1001 1017 
f 1001 1000 1018 
f 999 998 1019 
f 997 996 1020 
f 1007 1006 1008 
f 994 1022 995 
f 994 993 1023 
f 993 992 1024 
f 992 991 1025 
f 991 990 1026 
f 988 1028 989 
f 988 987 1030 
f 986 985 1031 
f 984 983 1032 
f 982 1035 983 
f 981 1040 982 
f 1043 1042 981 
f 980 979 1043 
f 979 978 1044 
f 1047 1046 978 
f 977 1048 978 
f 977 976 1048 

g Lock=0.64
v 0 0.64 0
v 0.64 0.64 0
v 0 0 0
v 0.64 0 0
v 0.26 0.12 0
v 0.38 0.12 0
v 0.416325 0.467942 0
v 0.223675 0.467942 0
v 0.38 0.296188 0
v 0.26 0.296188 0
v 0.380622 0.503644 0
v 0.259378 0.503644 0
v 0.216356 0.460622 0
v 0.32 0.52 0
v 0.216356 0.339378 0
v 0.2 0.4 0
v 0.259378 0.296356 0
v 0.44 0.4 0
v 0.423644 0.460622 0
v 0.380622 0.296356 0
v 0.423644 0.339378 0
v 0.6 0.72 0
v 0.247531 0.990459 0
v 0.270307 0.905458 0
v 0.590459 0.792469 0
v 0.224 0.886277 0
v 0.18 0.962487 0
v 0.505458 0.769693 0
v 0.562487 0.86 0
v 0.049541 0.792469 0
v 0.512 0.72 0
v 0.486277 0.816 0
v 0.455765 0.855765 0
v 0.51799 0.91799 0
v 0.12201 0.91799 0
v 0.134542 0.769693 0
v 0.416 0.886277 0
v 0.46 0.962487 0
v 0.128 0.72 0
v 0.04 0.72 0
v 0.392469 0.990459 0
v 0.153723 0.816 0
v 0.184235 0.855765 0
v 0.369693 0.905458 0
v 0.32 0.912 0
v 0.32 1 0
v 0.077513 0.86 0

f 1050 1055 1059 
f 1060 1056 1049 
f 1062 1060 1049 
f 1050 1059 1062 
f 1049 1056 1061 
f 1065 1058 1053 
f 1064 1051 1049 
f 1063 1065 1053 
f 1051 1064 1063 
f 1052 1051 1053 
f 1067 1055 1050 
f 1054 1057 1068 
f 1069 1052 1054 
f 1066 1067 1050 
f 1069 1066 1052 
f 1073 1070 1079 
f 1086 1082 1081 
f 1089 1086 1085 
f 1075 1071 1072 
f 1077 1073 1076 
f 1095 1083 1091 
f 1094 1089 1092 
f 1071 1094 1093 
f 1082 1077 1080 
f 1083 1075 1074 
f 1088 1078 1084 
f 1078 1095 1090 
f 1049 1050 1062 
f 1061 1064 1049 
f 1051 1063 1053 
f 1054 1052 1053 
f 1068 1069 1054 
f 1052 1066 1050 
f 1076 1073 1079 
f 1085 1086 1081 
f 1092 1089 1085 
f 1074 1075 1072 
f 1080 1077 1076 
f 1090 1095 1091 
f 1093 1094 1092 
f 1072 1071 1093 
f 1081 1082 1080 
f 1091 1083 1074 
f 1087 1088 1084 
f 1084 1078 1090 

g LowBattery=1.664
v 0.1456 0.770364 0
v 1.4352 0.770364 0
v 0.1456 0.229635 0
v 1.4352 0.229635 0
v 0 0.915945 0
v 1.5808 0.915945 0
v 0 0.084054 0
v 1.5808 0.084054 0
v 1.5808 0.633102 0
v 1.5808 0.366897 0
v 1.664 0.633102 0
v 1.664 0.366897 0
v 0.0832 0.167243 0
v 0.0832 0.832755 0
v 1.4976 0.167243 0
v 1.4976 0.832755 0
v 0.896491 0.229635 0
v 0.507423 0.618652 0
v 1.216666 0.321266 0
v 1.308309 0.229635 0
v 0.355691 0.770364 0
v 0.767509 0.770364 0
v 1.010402 0.115739 0
v 1.042091 0.084054 0
v 1.446445 0.091517 0
v 1.453909 0.084054 0
v 0.210091 0.915945 0
v 0.282233 0.843811 0
v 0.621909 0.915945 0
v 0.672377 0.865483 0
v 0.958891 0.167243 0
v 1.370709 0.167243 0
v 0.293291 0.832755 0
v 0.705109 0.832755 0
v 0.331934 0.882352 0
v 0.449597 0.999999 0
v 1.214403 -0.000001 0
v 1.332066 0.117646 0

f 1112 1098 1096 
f 1114 1099 1115 
f 1113 1096 1116 
f 1117 1097 1099 
f 1110 1105 1103 
f 1102 1108 1118 
f 1120 1103 1121 
f 1111 1104 1105 
f 1108 1102 1100 
f 1111 1101 1104 
f 1107 1105 1104 
f 1123 1109 1100 
f 1124 1101 1125 
f 1118 1108 1126 
f 1127 1110 1103 
f 1110 1111 1105 
f 1109 1108 1100 
f 1106 1107 1104 
f 1128 1109 1123 
f 1129 1125 1101 
f 1133 1132 1130 
f 1113 1112 1096 
f 1114 1117 1099 
f 1119 1102 1118 
f 1122 1123 1100 
f 1120 1127 1103 
f 1111 1129 1101 
f 1131 1133 1130 

g TriangleD=1.0
v 0 1 0
v 0.5 0 0
v 1 1 0

f 1136 1135 1134 

g TriangleU=1.0
v 1 0 0
v 0.5 1 0
v 0 0 0

f 1139 1138 1137 

g TriangleR=1.0
v 0 0 0
v 1 0.5 0
v 0 1 0

f 1142 1141 1140 

g Distance=0.7
v 0.7 0.65 0
v 0.653109 0.475 0
v 0.525 0.953109 0
v 0.35 0 0
v 0.653109 0.825 0
v 0.046891 0.475 0
v 0 0.65 0
v 0.046891 0.825 0
v 0.175 0.953109 0
v 0.35 1 0
v 0.523205 0.55 0
v 0.55 0.65 0
v 0.45 0.823205 0
v 0.35 0.45 0
v 0.15 0.65 0
v 0.176795 0.55 0
v 0.176795 0.75 0
v 0.523205 0.75 0
v 0.25 0.823205 0
v 0.35 0.85 0
v 0.45 0.476795 0
v 0.25 0.476795 0

f 1154 1143 1144 
f 1153 1144 1146 
f 1146 1156 1163 
f 1160 1155 1145 
f 1146 1148 1158 
f 1164 1156 1146 
f 1160 1147 1143 
f 1148 1149 1157 
f 1149 1150 1159 
f 1150 1151 1161 
f 1152 1162 1161 
f 1152 1145 1155 
f 1153 1154 1144 
f 1163 1153 1146 
f 1147 1160 1145 
f 1164 1146 1158 
f 1154 1160 1143 
f 1158 1148 1157 
f 1157 1149 1159 
f 1159 1150 1161 
f 1151 1152 1161 
f 1162 1152 1155 

g KingTrophy=0.665739780703
v 0.33287 1 0
v 0.215313 0.811803 0
v 0 0.758156 0
v 0.142659 0.588197 0
v 0.127145 0.366844 0
v 0.33287 0.45 0
v 0.538595 0.366844 0
v 0.523081 0.588197 0
v 0.66574 0.758156 0
v 0.450427 0.811803 0
v 0.53287 0.3 0
v 0.13287 0.3 0
v 0.03287 0 0
v 0.63287 0 0

f 1172 1173 1174 
f 1170 1172 1174 
f 1166 1170 1174 
f 1165 1166 1174 
f 1170 1171 1172 
f 1168 1169 1170 
f 1166 1168 1170 
f 1166 1167 1168 
f 1177 1176 1175 
f 1178 1177 1175 

g Trophy=0.65
v 0.525 0.3 0
v 0.125 0.3 0
v 0.025 0 0
v 0.625 0 0
v 0.325 0.675 0
v 0.65 0.675 0
v 0.606458 0.5125 0
v 0.4875 0.393542 0
v 0.325 0.35 0
v 0.1625 0.393542 0
v 0.043542 0.5125 0
v 0 0.675 0
v 0.043542 0.8375 0
v 0.1625 0.956458 0
v 0.325 1 0
v 0.4875 0.956458 0
v 0.606458 0.8375 0

f 1181 1180 1179 
f 1182 1181 1179 
f 1185 1183 1184 
f 1186 1183 1185 
f 1187 1183 1186 
f 1188 1183 1187 
f 1189 1183 1188 
f 1190 1183 1189 
f 1191 1183 1190 
f 1192 1183 1191 
f 1193 1183 1192 
f 1194 1183 1193 
f 1195 1183 1194 
f 1184 1183 1195 

g TriangleL=1.0
v 1 1 0
v 0 0.5 0
v 1 0 0

f 1198 1197 1196 

g Quad=1.0
v 1 1 0
v 0 1 0
v 0 0 0
v 1 0 0

f 1202 1200 1199 
f 1202 1201 1200 

g Battery=2.0
v 0.175 0.825 0
v 1.725 0.825 0
v 0.175 0.175 0
v 1.725 0.175 0
v 0 1 0
v 1.9 1 0
v 0 0 0
v 1.9 0 0
v 1.9 0.66 0
v 1.9 0.34 0
v 2 0.66 0
v 2 0.34 0
v 0.1 0.1 0
v 0.1 0.9 0
v 1.8 0.1 0
v 1.8 0.9 0

f 1206 1205 1203 
f 1204 1206 1203 
f 1217 1212 1210 
f 1210 1209 1215 
f 1218 1211 1212 
f 1215 1209 1207 
f 1218 1208 1211 
f 1214 1212 1211 
f 1216 1207 1208 
f 1217 1210 1215 
f 1217 1218 1212 
f 1216 1215 1207 
f 1213 1214 1211 
f 1218 1216 1208 

